START
Constructor
Thread init
ttyUSB1
ttyUSB1 checked
t0
Fri Jan 26 16:16:49 2018
h[ 0.  0.  0.  0.  0.  0.  0.  0.  0.  0.  0.  0.  0.  0.  0.  0.  0.  0.
  0.  0.  0.  0.  0.  0.  0.  0.  0.  0.  0.  0.  0.  0.  0.  0.  0.  0.
  0.  0.  0.  0.  0.  0.  0.  0.  0.  0.  0.  0.  0.  0.  0.  0.  0.  0.
  0.  0.  0.  0.  0.  0.]
zenith[ 0.  0.  0.  0.  0.  0.  0.]
showers[0, 0, 0, 0]
det hits[ 0.  0.  0.  0.]
radius[ 0.  0.  0.  0.  0.  0.]
Threads started
[1.0, 0.0, 0.0] coincidence = 4 [0, 0, 0, 0, 0, 0]
[0.82933614264663524, 0.0, 0.55875] coincidence = 2 [0, 1, 0, 0, 0, 0]
[6.123233995736766e-17, 0.0, 1.0] coincidence = 2 [0, 1, 0, 0, 0, 1]
[0.92803219232955492, 0.0, 0.3725] coincidence = 2 [0, 2, 0, 0, 0, 1]
[0.66706446465090619, 0.0, 0.7450000000000001] coincidence = 2 [0, 3, 0, 0, 0, 1]
[0.3643808961787105, 0.0, 0.9312499999999999] coincidence = 2 [0, 4, 0, 0, 0, 1]
[6.123233995736766e-17, 0.0, 1.0] coincidence = 2 [0, 4, 0, 0, 0, 2]
[0.82933614264663524, 0.0, 0.55875] coincidence = 2 [0, 5, 0, 0, 0, 2]
[0.98250238549328728, 0.0, 0.18625000000000003] coincidence = 2 [0, 6, 0, 0, 0, 2]
[6.123233995736766e-17, 0.0, 1.0] coincidence = 2 [0, 7, 0, 0, 0, 2]
[0.86794137026772866, 0.0, 0.49666666666666665] coincidence = 2 [0, 7, 0, 0, 0, 3]
[0.99226137629602862, 0.0, 0.12416666666666665] coincidence = 2 [0, 7, 0, 0, 0, 4]
[0.98250238549328728, 0.0, 0.18625000000000003] coincidence = 2 [0, 8, 0, 0, 0, 4]
[0.92803219232955492, 0.0, 0.3725] coincidence = 2 [0, 9, 0, 0, 0, 4]
[0.92803219232955492, 0.0, 0.3725] coincidence = 2 [0, 10, 0, 0, 0, 4]
[0.99226137629602862, 0.0, 0.12416666666666665] coincidence = 2 [0, 10, 0, 0, 0, 5]
[6.123233995736766e-17, 0.0, 1.0] coincidence = 2 [0, 11, 0, 0, 0, 5]
[6.123233995736766e-17, 0.0, 1.0] coincidence = 2 [0, 12, 0, 0, 0, 5]
[0.75832643655288723, 0.0, 0.651875] coincidence = 2 [1, 12, 0, 0, 0, 5]
[0.3643808961787105, 0.0, 0.9312499999999999] coincidence = 2 [1, 13, 0, 0, 0, 5]
[6.123233995736766e-17, 0.0, 1.0] coincidence = 2 [1, 14, 0, 0, 0, 5]
[0.66706446465090607, 0.0, 0.7449999999999999] coincidence = 2 [1, 14, 0, 0, 0, 6]
[0.92803219232955503, 0.0, 0.3725] coincidence = 2 [1, 14, 0, 0, 0, 7]
[0.82933614264663524, 0.0, 0.55875] coincidence = 2 [1, 15, 0, 0, 0, 7]
[0.88498212376013552, 0.0, 0.46562499999999996] coincidence = 2 [2, 15, 0, 0, 0, 7]
[0.96867463864579195, 0.0, 0.24833333333333335] coincidence = 2 [2, 15, 0, 0, 0, 8]
[1.0, 0.0, 0.0] coincidence = 2 [2, 16, 0, 0, 0, 8]
[6.123233995736766e-17, 0.0, 1.0] coincidence = 2 [3, 16, 0, 0, 0, 8]
[0.66706446465090607, 0.0, 0.7449999999999999] coincidence = 2 [3, 16, 0, 0, 0, 9]
[0.82933614264663524, 0.0, 0.55875] coincidence = 2 [3, 17, 0, 0, 0, 9]
t0.836384771326
Fri Jan 26 17:16:49 2018
zenith[ 28.   0.   0.   0.   0.   0.   0.]
showers[0, 29, 0, 1]
h[ 0.          0.83999141  0.84438092  0.81764485  0.81445248  0.82961622
  0.8599437   0.81964008  0.8503666   0.84278473  0.82642386  0.83520286
  0.82522672  0.84717424  0.79290401  0.86912176  0.84517901  0.83999141
  0.83759714  0.87430935  0.83440477  0.84358282  0.85196279  0.84398187
  0.85156374  0.83879428  0.85395802  0.87829981  0.82881813  0.8407895
  0.80407729  0.83520286  0.83560191  0.83081336  0.83839523  0.81525057
  0.82283244  0.8407895   0.86912176  0.81245725  0.84238569  0.84916947
  0.83600095  0.83759714  0.84477996  0.80567347  0.84637615  0.83041431
  0.82722195  0.85675134  0.79888969  0.81086107  0.80208206  0.84318378
  0.84837137  0.83799618  0.87949695  0.85076565  0.8128563   0.83759714]
det hits[ 56234.  21781.  23337.  24391.]
radius[ 17.   9.   3.   0.   0.   1.]
[0.66706446465090607, 0.0, 0.7449999999999999] coincidence = 2 [3, 17, 0, 0, 0, 10]
[0.99565442517722991, 0.0, 0.093125] coincidence = 2 [4, 17, 0, 0, 0, 10]
[6.123233995736766e-17, 0.0, 1.0] coincidence = 2 [4, 17, 1, 0, 0, 10]
[6.123233995736766e-17, 0.0, 1.0] coincidence = 2 [4, 18, 1, 0, 0, 10]
[1.0, 0.0, 0.0] coincidence = 2 [4, 19, 1, 0, 0, 10]
[6.123233995736766e-17, 0.0, 1.0] coincidence = 2 [4, 19, 1, 1, 0, 10]
[0.82933614264663524, 0.0, 0.55875] coincidence = 2 [4, 20, 1, 1, 0, 10]
[0.92803219232955492, 0.0, 0.3725] coincidence = 2 [4, 21, 1, 1, 0, 10]
[0.92803219232955492, 0.0, 0.3725] coincidence = 2 [5, 21, 1, 1, 0, 10]
[0.66706446465090619, 0.0, 0.7450000000000001] coincidence = 2 [5, 22, 1, 1, 0, 10]
[0.95456586991155301, 0.0, 0.29799999999999993] coincidence = 2 [5, 22, 2, 1, 0, 10]
[0.98250238549328728, 0.0, 0.18625000000000003] coincidence = 2 [5, 23, 2, 1, 0, 10]
[6.123233995736766e-17, 0.0, 1.0] coincidence = 2 [6, 23, 2, 1, 0, 10]
[0.92803219232955492, 0.0, 0.3725] coincidence = 2 [6, 24, 2, 1, 0, 10]
[0.82933614264663524, 0.0, 0.55875] coincidence = 2 [6, 25, 2, 1, 0, 10]
[0.92803219232955503, 0.0, 0.3725] coincidence = 2 [6, 25, 2, 1, 0, 11]
[0.49451926712268307, 0.0, 0.8691666666666666] coincidence = 2 [6, 25, 2, 1, 0, 12]
[0.49451926712268307, 0.0, 0.8691666666666666] coincidence = 2 [6, 25, 2, 1, 0, 13]
[6.123233995736766e-17, 0.0, 1.0] coincidence = 2 [6, 26, 2, 1, 0, 13]
[0.96867463864579195, 0.0, 0.24833333333333335] coincidence = 2 [6, 26, 2, 1, 0, 14]
[0.99226137629602862, 0.0, 0.12416666666666665] coincidence = 2 [6, 26, 2, 1, 0, 15]
t0.832847374692
Fri Jan 26 18:16:49 2018
h[ 0.79968779  0.82323149  0.81684676  0.82762099  0.80846679  0.82083721
  0.81924103  0.84996756  0.86393416  0.80647157  0.82123626  0.83600095
  0.82961622  0.84517901  0.82203435  0.84517901  0.84837137  0.84039046
  0.81485153  0.8364      0.82442863  0.81604866  0.82203435  0.82762099
  0.85315992  0.83041431  0.8320105   0.84996756  0.82083721  0.83440477
  0.8312124   0.84517901  0.80447634  0.82363053  0.84877042  0.83480382
  0.84717424  0.86074179  0.81924103  0.82522672  0.81006298  0.80846679
  0.8224334   0.8415876   0.80966393  0.81445248  0.81684676  0.81086107
  0.8224334   0.83400573  0.82522672  0.83799618  0.82363053  0.87111699
  0.83280859  0.8407895   0.80687061  0.80647157  0.83679905  0.79968779]
zenith[ 48.   0.   0.   0.   0.   0.   0.]
showers[0, 50, 0, 1]
det hits[ 112175.   43439.   46250.   48585.]
radius[ 26.  15.   6.   2.   1.   1.]
[0.82933614264663524, 0.0, 0.55875] coincidence = 2 [6, 27, 2, 1, 0, 15]
[0.82933614264663524, 0.0, 0.55875] coincidence = 2 [6, 28, 2, 1, 0, 15]
[0.89453395687363368, 0.0, 0.44699999999999995] coincidence = 2 [6, 28, 3, 1, 0, 15]
[6.123233995736766e-17, 0.0, 1.0] coincidence = 2 [6, 29, 3, 1, 0, 15]
[0.92803219232955492, 0.0, 0.3725] coincidence = 2 [6, 30, 3, 1, 0, 15]
[6.123233995736766e-17, 0.0, 1.0] coincidence = 2 [6, 31, 3, 1, 0, 15]
[0.99226137629602862, 0.0, 0.12416666666666665] coincidence = 2 [6, 31, 3, 1, 0, 16]
[1.0, 0.0, 0.0] coincidence = 2 [6, 31, 3, 1, 0, 17]
[0.3643808961787105, 0.0, 0.9312499999999999] coincidence = 2 [6, 32, 3, 1, 0, 17]
[0.66706446465090607, 0.0, 0.7449999999999999] coincidence = 2 [6, 32, 3, 1, 0, 18]
[0.82933614264663524, 0.0, 0.55875] coincidence = 2 [6, 33, 3, 1, 0, 18]
[0.66706446465090619, 0.0, 0.7450000000000001] coincidence = 2 [6, 34, 3, 1, 0, 18]
[6.123233995736766e-17, 0.0, 1.0] coincidence = 2 [6, 35, 3, 1, 0, 18]
[6.123233995736766e-17, 0.0, 1.0] coincidence = 2 [6, 35, 3, 1, 0, 19]
[6.123233995736766e-17, 0.0, 1.0] coincidence = 2 [6, 36, 3, 1, 0, 19]
[0.85325128186250032, 0.0, 0.5215] coincidence = 3 [6, 36, 3, 1, 0, 19]
[0.98250238549328728, 0.0, 0.18625000000000003] coincidence = 2 [6, 37, 3, 1, 0, 19]
[6.123233995736766e-17, 0.0, 1.0] coincidence = 2 [6, 38, 3, 1, 0, 19]
[0.66706446465090619, 0.0, 0.7450000000000001] coincidence = 2 [6, 39, 3, 1, 0, 19]
[1.0, 0.0, 0.0] coincidence = 2 [6, 40, 3, 1, 0, 19]
[0.92803219232955503, 0.0, 0.3725] coincidence = 2 [6, 40, 3, 1, 0, 20]
[6.123233995736766e-17, 0.0, 1.0] coincidence = 2 [7, 40, 3, 1, 0, 20]
[0.98250238549328728, 0.0, 0.18625000000000003] coincidence = 2 [7, 41, 3, 1, 0, 20]
t0.832445038513
Fri Jan 26 19:16:49 2018
zenith[ 69.   0.   0.   0.   0.   0.   0.]
showers[0, 72, 1, 1]
h[ 0.86074179  0.84278473  0.80886584  0.84278473  0.82602481  0.8415876
  0.8503666   0.84118855  0.85794847  0.80647157  0.83320763  0.85754943
  0.8268229   0.88029504  0.81644771  0.83959237  0.86712653  0.84278473
  0.82921718  0.84517901  0.83280859  0.83001527  0.80048588  0.8312124
  0.83959237  0.82961622  0.79928874  0.81804389  0.80208206  0.8312124
  0.82722195  0.84837137  0.82482767  0.78492309  0.84916947  0.83919332
  0.83759714  0.78452405  0.83799618  0.82841908  0.83480382  0.80208206
  0.81126011  0.85116469  0.85675134  0.82642386  0.7937021   0.83480382
  0.82642386  0.83799618  0.83240954  0.82323149  0.81445248  0.84238569
  0.83719809  0.8320105   0.82123626  0.86034275  0.83759714  0.8407895 ]
det hits[ 168168.   65122.   69316.   72880.]
radius[ 41.  20.   7.   4.   1.   1.]
[1.0, 0.0, 0.0] coincidence = 2 [7, 41, 4, 1, 0, 20]
[0.3643808961787105, 0.0, 0.9312499999999999] coincidence = 2 [7, 42, 4, 1, 0, 20]
[0.92803219232955503, 0.0, 0.3725] coincidence = 2 [7, 42, 4, 1, 0, 21]
[0.86794137026772866, 0.0, 0.49666666666666665] coincidence = 2 [7, 42, 4, 1, 0, 22]
[0.98250238549328728, 0.0, 0.18625000000000003] coincidence = 2 [7, 43, 4, 1, 0, 22]
[6.123233995736766e-17, 0.0, 1.0] coincidence = 2 [7, 43, 4, 1, 0, 23]
[0.66706446465090619, 0.0, 0.7450000000000001] coincidence = 2 [7, 44, 4, 1, 0, 23]
[6.123233995736766e-17, 0.0, 1.0] coincidence = 2 [7, 44, 4, 1, 0, 24]
[0.92803219232955492, 0.0, 0.3725] coincidence = 2 [7, 45, 4, 1, 0, 24]
[6.123233995736766e-17, 0.0, 1.0] coincidence = 2 [7, 46, 4, 1, 0, 24]
[6.123233995736766e-17, 0.0, 1.0] coincidence = 2 [7, 47, 4, 1, 0, 24]
[0.96018207095060892, 0.0, 0.279375] coincidence = 2 [8, 47, 4, 1, 0, 24]
[0.98883719590233854, 0.0, 0.149] coincidence = 2 [8, 47, 5, 1, 0, 24]
[6.123233995736766e-17, 0.0, 1.0] coincidence = 2 [8, 48, 5, 1, 0, 24]
[6.123233995736766e-17, 0.0, 1.0] coincidence = 2 [8, 49, 5, 1, 0, 24]
[0.92803219232955503, 0.0, 0.3725] coincidence = 2 [8, 49, 5, 2, 0, 24]
[1.0, 0.0, 0.0] coincidence = 2 [8, 50, 5, 2, 0, 24]
[0.92803219232955503, 0.0, 0.3725] coincidence = 2 [8, 50, 6, 2, 0, 24]
[6.123233995736766e-17, 0.0, 1.0] coincidence = 2 [8, 51, 6, 2, 0, 24]
[0.3643808961787105, 0.0, 0.9312499999999999] coincidence = 2 [8, 52, 6, 2, 0, 24]
[0.82933614264663524, 0.0, 0.55875] coincidence = 2 [9, 52, 6, 2, 0, 24]
[6.123233995736766e-17, 0.0, 1.0] coincidence = 2 [9, 52, 7, 2, 0, 24]
[0.88498212376013552, 0.0, 0.46562499999999996] coincidence = 2 [10, 52, 7, 2, 0, 24]
[6.123233995736766e-17, 0.0, 1.0] coincidence = 2 [11, 52, 7, 2, 0, 24]
[0.75832643655288723, 0.0, 0.651875] coincidence = 2 [12, 52, 7, 2, 0, 24]
t0.831744122371
Fri Jan 26 20:16:49 2018
zenith[ 92.   0.   0.   0.   0.   0.   0.]
showers[0, 97, 1, 1]
h[ 0.84557805  0.82802004  0.84039046  0.81764485  0.82283244  0.8320105
  0.81086107  0.82323149  0.84477996  0.87391031  0.81126011  0.82083721
  0.80208206  0.80926489  0.83041431  0.79529828  0.8599437   0.82402958
  0.83560191  0.84797233  0.80527443  0.8555542   0.82043817  0.81804389
  0.82602481  0.83280859  0.79450019  0.83719809  0.82043817  0.82123626
  0.82442863  0.84637615  0.82881813  0.80687061  0.84039046  0.84278473
  0.82402958  0.86353511  0.83081336  0.82043817  0.80407729  0.83280859
  0.84557805  0.81405344  0.8076687   0.80966393  0.81325534  0.80806775
  0.85754943  0.83440477  0.84238569  0.83759714  0.83719809  0.85156374
  0.82602481  0.84916947  0.84837137  0.85355897  0.83560191  0.85276088]
det hits[ 224098.   86680.   92418.   97033.]
radius[ 52.  24.  12.   8.   2.   1.]
[0.82933614264663524, 0.0, 0.55875] coincidence = 2 [12, 53, 7, 2, 0, 24]
[1.0, 0.0, 0.0] coincidence = 2 [12, 54, 7, 2, 0, 24]
[6.123233995736766e-17, 0.0, 1.0] coincidence = 2 [12, 54, 8, 2, 0, 24]
[0.82933614264663524, 0.0, 0.55875] coincidence = 2 [12, 55, 8, 2, 0, 24]
[0.99807096928135441, 0.0, 0.062083333333333324] coincidence = 2 [12, 55, 8, 3, 0, 24]
[0.82933614264663524, 0.0, 0.55875] coincidence = 2 [12, 56, 8, 3, 0, 24]
[0.3643808961787105, 0.0, 0.9312499999999999] coincidence = 2 [12, 57, 8, 3, 0, 24]
[0.66706446465090619, 0.0, 0.7450000000000001] coincidence = 2 [12, 58, 8, 3, 0, 24]
[0.66706446465090619, 0.0, 0.7450000000000001] coincidence = 2 [12, 59, 8, 3, 0, 24]
[0.3643808961787105, 0.0, 0.9312499999999999] coincidence = 2 [12, 60, 8, 3, 0, 24]
[6.123233995736766e-17, 0.0, 1.0] coincidence = 2 [12, 60, 9, 3, 0, 24]
[6.123233995736766e-17, 0.0, 1.0] coincidence = 2 [12, 61, 9, 3, 0, 24]
[0.92803219232955492, 0.0, 0.3725] coincidence = 2 [13, 61, 9, 3, 0, 24]
[6.123233995736766e-17, 0.0, 1.0] coincidence = 3 [13, 61, 9, 3, 0, 24]
[0.81501173967156404, 0.0, 0.5794444444444444] coincidence = 2 [13, 61, 9, 3, 1, 24]
[0.98250238549328728, 0.0, 0.18625000000000003] coincidence = 2 [13, 62, 9, 3, 1, 24]
[0.66706446465090619, 0.0, 0.7450000000000001] coincidence = 2 [13, 63, 9, 3, 1, 24]
[0.78394258222284519, 0.0, 0.6208333333333333] coincidence = 2 [13, 63, 9, 3, 1, 25]
[1.0, 0.0, 0.0] coincidence = 2 [13, 64, 9, 3, 1, 25]
[0.97470392940625816, 0.0, 0.22349999999999995] coincidence = 2 [13, 64, 10, 3, 1, 25]
t0.832029153399
Fri Jan 26 21:16:49 2018
h[ 0.82642386  0.82363053  0.83999141  0.8599437   0.83280859  0.81525057
  0.85196279  0.81644771  0.84039046  0.8224334   0.83001527  0.84916947
  0.84717424  0.84198664  0.83999141  0.82163531  0.83959237  0.83959237
  0.81325534  0.83839523  0.82841908  0.83440477  0.83600095  0.86832366
  0.83400573  0.81764485  0.84637615  0.8312124   0.80886584  0.87869886
  0.80647157  0.81804389  0.80966393  0.8268229   0.83240954  0.79011069
  0.83161145  0.83440477  0.82442863  0.84118855  0.80407729  0.86473225
  0.8407895   0.82043817  0.84717424  0.83480382  0.81445248  0.8128563
  0.84797233  0.82083721  0.84996756  0.83320763  0.83959237  0.8364
  0.82642386  0.87031889  0.81804389  0.85076565  0.8268229   0.84358282]
zenith[ 110.    0.    0.    0.    0.    0.    0.]
showers[0, 116, 2, 1]
det hits[ 279987.  108547.  115605.  121368.]
radius[ 64.  25.  13.  11.   4.   2.]
[0.98883719590233854, 0.0, 0.149] coincidence = 2 [13, 64, 11, 3, 1, 25]
[1.0, 0.0, 0.0] coincidence = 2 [13, 65, 11, 3, 1, 25]
[0.98250238549328728, 0.0, 0.18625000000000003] coincidence = 2 [13, 66, 11, 3, 1, 25]
[6.123233995736766e-17, 0.0, 1.0] coincidence = 2 [13, 67, 11, 3, 1, 25]
[0.3643808961787105, 0.0, 0.9312499999999999] coincidence = 2 [13, 68, 11, 3, 1, 25]
[6.123233995736766e-17, 0.0, 1.0] coincidence = 2 [13, 69, 11, 3, 1, 25]
[0.11527744310527101, 0.0, 0.9933333333333333] coincidence = 2 [13, 69, 11, 3, 1, 26]
[0.98250238549328728, 0.0, 0.18625000000000003] coincidence = 2 [13, 70, 11, 3, 1, 26]
[1.0, 0.0, 0.0] coincidence = 2 [13, 70, 12, 3, 1, 26]
[0.66706446465090619, 0.0, 0.7450000000000001] coincidence = 2 [14, 70, 12, 3, 1, 26]
[6.123233995736766e-17, 0.0, 1.0] coincidence = 2 [14, 70, 12, 3, 1, 27]
[0.82933614264663524, 0.0, 0.55875] coincidence = 2 [14, 71, 12, 3, 1, 27]
[6.123233995736766e-17, 0.0, 1.0] coincidence = 2 [14, 72, 12, 3, 1, 27]
[0.66706446465090607, 0.0, 0.7449999999999999] coincidence = 2 [14, 72, 12, 3, 1, 28]
[6.123233995736766e-17, 0.0, 1.0] coincidence = 2 [14, 72, 12, 3, 1, 29]
[6.123233995736766e-17, 0.0, 1.0] coincidence = 2 [14, 73, 12, 3, 1, 29]
[0.86794137026772866, 0.0, 0.49666666666666665] coincidence = 2 [14, 73, 12, 3, 1, 30]
[0.3643808961787105, 0.0, 0.9312499999999999] coincidence = 2 [14, 74, 12, 3, 1, 30]
[6.123233995736766e-17, 0.0, 1.0] coincidence = 2 [14, 75, 12, 3, 1, 30]
[6.123233995736766e-17, 0.0, 1.0] coincidence = 2 [14, 76, 12, 3, 1, 30]
[6.123233995736766e-17, 0.0, 1.0] coincidence = 2 [14, 77, 12, 3, 1, 30]
[0.3643808961787105, 0.0, 0.9312499999999999] coincidence = 2 [14, 78, 12, 3, 1, 30]
[0.80298443322395741, 0.0, 0.596] coincidence = 2 [14, 78, 13, 3, 1, 30]
t0.831357878257
Fri Jan 26 22:16:49 2018
h[ 0.82562576  0.79968779  0.85395802  0.84677519  0.82402958  0.82003912
  0.83799618  0.8320105   0.80607252  0.83600095  0.81804389  0.81525057
  0.80886584  0.8364      0.84517901  0.82802004  0.80128397  0.83161145
  0.85954466  0.82203435  0.81764485  0.84557805  0.86273702  0.82642386
  0.83400573  0.81884199  0.81964008  0.81924103  0.83280859  0.85715038
  0.83081336  0.81684676  0.81844294  0.83280859  0.82762099  0.81684676
  0.81564962  0.82642386  0.85874657  0.80687061  0.82642386  0.83679905
  0.83041431  0.80966393  0.84637615  0.83360668  0.81405344  0.82283244
  0.83320763  0.81365439  0.86393416  0.83919332  0.85076565  0.80687061
  0.8128563   0.82921718  0.79689447  0.83240954  0.83879428  0.80886584]
zenith[ 131.    0.    0.    0.    0.    0.    0.]
showers[0, 139, 2, 1]
det hits[ 335710.  130147.  138553.  145595.]
radius[ 78.  30.  14.  14.   4.   2.]
[0.66706446465090619, 0.0, 0.7450000000000001] coincidence = 2 [14, 79, 13, 3, 1, 30]
[0.92803219232955492, 0.0, 0.3725] coincidence = 2 [14, 80, 13, 3, 1, 30]
[6.123233995736766e-17, 0.0, 1.0] coincidence = 2 [14, 81, 13, 3, 1, 30]
[0.82933614264663524, 0.0, 0.55875] coincidence = 2 [14, 82, 13, 3, 1, 30]
[6.123233995736766e-17, 0.0, 1.0] coincidence = 2 [14, 82, 13, 3, 1, 31]
[6.123233995736766e-17, 0.0, 1.0] coincidence = 2 [14, 83, 13, 3, 1, 31]
[6.123233995736766e-17, 0.0, 1.0] coincidence = 2 [14, 83, 13, 3, 1, 32]
[0.82933614264663513, 0.0, 0.55875] coincidence = 2 [14, 83, 13, 4, 1, 32]
[0.82933614264663524, 0.0, 0.55875] coincidence = 2 [14, 84, 13, 4, 1, 32]
[6.123233995736766e-17, 0.0, 1.0] coincidence = 2 [14, 85, 13, 4, 1, 32]
[0.57307918301051552, 0.0, 0.8195] coincidence = 2 [14, 85, 14, 4, 1, 32]
[6.123233995736766e-17, 0.0, 1.0] coincidence = 2 [14, 86, 14, 4, 1, 32]
[6.123233995736766e-17, 0.0, 1.0] coincidence = 2 [14, 86, 14, 4, 1, 33]
[0.82933614264663524, 0.0, 0.55875] coincidence = 2 [14, 87, 14, 4, 1, 33]
[0.98250238549328728, 0.0, 0.18625000000000003] coincidence = 2 [14, 88, 14, 4, 1, 33]
[6.123233995736766e-17, 0.0, 1.0] coincidence = 2 [14, 89, 14, 4, 1, 33]
[0.82933614264663524, 0.0, 0.55875] coincidence = 2 [14, 90, 14, 4, 1, 33]
[0.99226137629602862, 0.0, 0.12416666666666665] coincidence = 2 [14, 90, 14, 4, 1, 34]
[0.92803219232955492, 0.0, 0.3725] coincidence = 2 [14, 91, 14, 4, 1, 34]
[0.98250238549328728, 0.0, 0.18625000000000003] coincidence = 2 [14, 92, 14, 4, 1, 34]
[6.123233995736766e-17, 0.0, 1.0] coincidence = 2 [14, 93, 14, 4, 1, 34]
[0.44806695928175749, 0.0, 0.8939999999999999] coincidence = 2 [14, 93, 15, 4, 1, 34]
t0.831331097741
Fri Jan 26 23:16:49 2018
h[ 0.82562576  0.83679905  0.82642386  0.82961622  0.82961622  0.8415876
  0.84039046  0.81804389  0.86672748  0.80926489  0.8312124   0.82402958
  0.82762099  0.82762099  0.80726966  0.79849065  0.85076565  0.82003912
  0.85156374  0.87031889  0.84438092  0.83081336  0.84717424  0.83999141
  0.82562576  0.82402958  0.84956851  0.8599437   0.84717424  0.8128563
  0.83560191  0.80088492  0.83679905  0.81684676  0.80806775  0.83041431
  0.82802004  0.83560191  0.85395802  0.80966393  0.80208206  0.84118855
  0.83959237  0.83001527  0.83679905  0.86672748  0.85196279  0.84238569
  0.8268229   0.81924103  0.82602481  0.80407729  0.84517901  0.85236183
  0.81205821  0.82123626  0.85635229  0.80966393  0.81445248  0.82363053]
zenith[ 153.    0.    0.    0.    0.    0.    0.]
showers[0, 161, 2, 1]
det hits[ 391723.  151720.  161301.  170238.]
radius[ 93.  34.  14.  16.   5.   2.]
[0.92803219232955492, 0.0, 0.3725] coincidence = 2 [15, 93, 15, 4, 1, 34]
[6.123233995736766e-17, 0.0, 1.0] coincidence = 2 [15, 94, 15, 4, 1, 34]
[6.123233995736766e-17, 0.0, 1.0] coincidence = 2 [15, 95, 15, 4, 1, 34]
[0.3643808961787105, 0.0, 0.9312499999999999] coincidence = 2 [15, 96, 15, 4, 1, 34]
[0.99226137629602862, 0.0, 0.12416666666666665] coincidence = 2 [15, 96, 15, 4, 1, 35]
[0.82933614264663524, 0.0, 0.55875] coincidence = 2 [15, 97, 15, 4, 1, 35]
[0.9972210136173425, 0.0, 0.0745] coincidence = 3 [15, 97, 15, 4, 1, 35]
[0.92803219232955503, 0.0, 0.3725] coincidence = 2 [15, 97, 15, 4, 1, 36]
[0.66706446465090619, 0.0, 0.7450000000000001] coincidence = 2 [15, 98, 15, 4, 1, 36]
[0.92803219232955492, 0.0, 0.3725] coincidence = 2 [15, 99, 15, 4, 1, 36]
[0.82933614264663524, 0.0, 0.55875] coincidence = 2 [15, 100, 15, 4, 1, 36]
[0.92803219232955492, 0.0, 0.3725] coincidence = 2 [15, 101, 15, 4, 1, 36]
[6.123233995736766e-17, 0.0, 1.0] coincidence = 2 [15, 102, 15, 4, 1, 36]
[0.92803219232955503, 0.0, 0.3725] coincidence = 3 [15, 102, 15, 4, 1, 36]
[0.66706446465090619, 0.0, 0.7450000000000001] coincidence = 2 [15, 103, 15, 4, 1, 36]
[0.82933614264663524, 0.0, 0.55875] coincidence = 2 [15, 104, 15, 4, 1, 36]
[0.6670644646509063, 0.0, 0.7449999999999999] coincidence = 2 [15, 104, 16, 4, 1, 36]
t0.83179151338
Sat Jan 27 00:16:49 2018
h[ 0.80487538  0.86712653  0.84557805  0.84757328  0.83959237  0.79011069
  0.81844294  0.83360668  0.84477996  0.8320105   0.8695208   0.81485153
  0.82762099  0.83400573  0.84677519  0.80288015  0.81684676  0.82203435
  0.83999141  0.86273702  0.84877042  0.81924103  0.82482767  0.84916947
  0.84677519  0.82283244  0.83001527  0.84877042  0.85315992  0.83560191
  0.78133168  0.82961622  0.83600095  0.8224334   0.86353511  0.85595324
  0.83600095  0.80966393  0.81924103  0.85675134  0.82642386  0.86832366
  0.82642386  0.85715038  0.84677519  0.82123626  0.82203435  0.81804389
  0.86273702  0.81564962  0.86114084  0.82522672  0.82283244  0.83440477
  0.84956851  0.82602481  0.82442863  0.81804389  0.83520286  0.84717424]
zenith[ 170.    0.    0.    0.    0.    0.    0.]
showers[0, 176, 4, 1]
det hits[ 447639.  173527.  184708.  194667.]
radius[ 104.   36.   15.   19.    5.    2.]
[0.92803219232955492, 0.0, 0.3725] coincidence = 2 [15, 105, 16, 4, 1, 36]
[0.78394258222284519, 0.0, 0.6208333333333333] coincidence = 2 [15, 105, 16, 4, 1, 37]
[6.123233995736766e-17, 0.0, 1.0] coincidence = 2 [15, 106, 16, 4, 1, 37]
[0.92803219232955492, 0.0, 0.3725] coincidence = 2 [15, 107, 16, 4, 1, 37]
[1.0, 0.0, 0.0] coincidence = 2 [15, 108, 16, 4, 1, 37]
[1.0, 0.0, 0.0] coincidence = 2 [15, 109, 16, 4, 1, 37]
[6.123233995736766e-17, 0.0, 1.0] coincidence = 2 [15, 109, 16, 4, 1, 38]
[6.123233995736766e-17, 0.0, 1.0] coincidence = 2 [15, 110, 16, 4, 1, 38]
[0.92803219232955503, 0.0, 0.3725] coincidence = 2 [15, 110, 16, 4, 1, 39]
[1.0, 0.0, 0.0] coincidence = 2 [15, 111, 16, 4, 1, 39]
[0.66706446465090619, 0.0, 0.7450000000000001] coincidence = 2 [15, 112, 16, 4, 1, 39]
[6.123233995736766e-17, 0.0, 1.0] coincidence = 2 [15, 113, 16, 4, 1, 39]
[0.66706446465090619, 0.0, 0.7450000000000001] coincidence = 2 [15, 114, 16, 4, 1, 39]
[0.92803219232955492, 0.0, 0.3725] coincidence = 2 [15, 115, 16, 4, 1, 39]
[6.123233995736766e-17, 0.0, 1.0] coincidence = 2 [15, 116, 16, 4, 1, 39]
[0.96867463864579195, 0.0, 0.24833333333333335] coincidence = 2 [15, 116, 16, 4, 1, 40]
[6.123233995736766e-17, 0.0, 1.0] coincidence = 2 [16, 116, 16, 4, 1, 40]
[6.123233995736766e-17, 0.0, 1.0] coincidence = 2 [16, 117, 16, 4, 1, 40]
[0.66706446465090619, 0.0, 0.7450000000000001] coincidence = 2 [16, 118, 16, 4, 1, 40]
[6.123233995736766e-17, 0.0, 1.0] coincidence = 2 [16, 118, 16, 4, 1, 41]
[0.82933614264663524, 0.0, 0.55875] coincidence = 2 [16, 119, 16, 4, 1, 41]
[0.92803219232955492, 0.0, 0.3725] coincidence = 2 [17, 119, 16, 4, 1, 41]
[0.88498212376013552, 0.0, 0.46562499999999996] coincidence = 2 [18, 119, 16, 4, 1, 41]
[0.3643808961787105, 0.0, 0.9312499999999999] coincidence = 2 [18, 120, 16, 4, 1, 41]
[0.49451926712268307, 0.0, 0.8691666666666666] coincidence = 2 [18, 120, 16, 4, 1, 42]
[0.66706446465090619, 0.0, 0.7450000000000001] coincidence = 2 [18, 121, 16, 4, 1, 42]
[0.96867463864579195, 0.0, 0.24833333333333335] coincidence = 2 [18, 121, 16, 4, 1, 43]
[0.92803219232955492, 0.0, 0.3725] coincidence = 2 [18, 122, 16, 4, 1, 43]
[1.0, 0.0, 0.0] coincidence = 2 [18, 122, 17, 4, 1, 43]
[0.98250238549328728, 0.0, 0.18625000000000003] coincidence = 2 [18, 123, 17, 4, 1, 43]
[6.123233995736766e-17, 0.0, 1.0] coincidence = 2 [18, 123, 17, 4, 1, 44]
t0.832192066
Sat Jan 27 01:16:49 2018
h[ 0.84916947  0.86792462  0.82043817  0.86872271  0.84837137  0.8268229
  0.84039046  0.8076687   0.81684676  0.81884199  0.82442863  0.80407729
  0.82043817  0.8459771   0.82642386  0.83999141  0.82762099  0.82123626
  0.8312124   0.82283244  0.83001527  0.81405344  0.82203435  0.85355897
  0.80048588  0.81165916  0.83919332  0.80367824  0.84797233  0.83879428
  0.86114084  0.82562576  0.8459771   0.85954466  0.83719809  0.8407895
  0.83799618  0.84956851  0.82722195  0.84916947  0.84278473  0.84517901
  0.84557805  0.85156374  0.83999141  0.8268229   0.86592939  0.86712653
  0.81604866  0.80008683  0.85635229  0.85954466  0.84717424  0.8364
  0.79928874  0.83041431  0.84877042  0.8268229   0.8599437   0.8172458 ]
zenith[ 197.    0.    0.    0.    0.    0.    0.]
showers[0, 207, 4, 1]
det hits[ 503778.  195493.  207747.  219123.]
radius[ 123.   44.   18.   20.    5.    2.]
[6.123233995736766e-17, 0.0, 1.0] coincidence = 2 [18, 124, 17, 4, 1, 44]
[0.86794137026772866, 0.0, 0.49666666666666665] coincidence = 2 [18, 124, 17, 4, 2, 44]
[0.78394258222284519, 0.0, 0.6208333333333333] coincidence = 2 [18, 124, 17, 4, 2, 45]
[1.0, 0.0, 0.0] coincidence = 4 [18, 124, 17, 4, 2, 45]
[0.98250238549328728, 0.0, 0.18625000000000003] coincidence = 2 [19, 124, 17, 4, 2, 45]
[6.123233995736766e-17, 0.0, 1.0] coincidence = 2 [19, 125, 17, 4, 2, 45]
[0.98250238549328728, 0.0, 0.18625000000000003] coincidence = 2 [19, 126, 17, 4, 2, 45]
[0.54547821622407611, 0.0, 0.838125] coincidence = 2 [20, 126, 17, 4, 2, 45]
[6.123233995736766e-17, 0.0, 1.0] coincidence = 2 [20, 127, 17, 4, 2, 45]
[6.123233995736766e-17, 0.0, 1.0] coincidence = 2 [20, 127, 17, 4, 2, 46]
[6.123233995736766e-17, 0.0, 1.0] coincidence = 2 [20, 127, 17, 4, 2, 47]
[0.66706446465090619, 0.0, 0.7450000000000001] coincidence = 2 [20, 128, 17, 4, 2, 47]
[6.123233995736766e-17, 0.0, 1.0] coincidence = 2 [20, 129, 17, 4, 2, 47]
[0.3643808961787105, 0.0, 0.9312499999999999] coincidence = 2 [20, 130, 17, 4, 2, 47]
[6.123233995736766e-17, 0.0, 1.0] coincidence = 2 [20, 131, 17, 4, 2, 47]
[6.123233995736766e-17, 0.0, 1.0] coincidence = 2 [20, 131, 17, 4, 2, 48]
[0.82933614264663524, 0.0, 0.55875] coincidence = 2 [21, 131, 17, 4, 2, 48]
[6.123233995736766e-17, 0.0, 1.0] coincidence = 2 [21, 132, 17, 4, 2, 48]
[1.0, 0.0, 0.0] coincidence = 2 [21, 133, 17, 4, 2, 48]
[6.123233995736766e-17, 0.0, 1.0] coincidence = 2 [22, 133, 17, 4, 2, 48]
[0.82933614264663524, 0.0, 0.55875] coincidence = 2 [22, 134, 17, 4, 2, 48]
[0.82933614264663524, 0.0, 0.55875] coincidence = 2 [22, 135, 17, 4, 2, 48]
[6.123233995736766e-17, 0.0, 1.0] coincidence = 2 [22, 136, 17, 4, 2, 48]
[0.98250238549328728, 0.0, 0.18625000000000003] coincidence = 2 [22, 137, 17, 4, 2, 48]
[0.99226137629602862, 0.0, 0.12416666666666665] coincidence = 2 [22, 137, 17, 4, 2, 49]
t0.832208756172
Sat Jan 27 02:16:49 2018
h[ 0.86114084  0.83081336  0.8364      0.81525057  0.86872271  0.84837137
  0.86433321  0.84877042  0.84398187  0.83440477  0.8224334   0.82921718
  0.85794847  0.8320105   0.8128563   0.85675134  0.82482767  0.8459771
  0.83041431  0.83081336  0.82083721  0.81844294  0.81205821  0.84757328
  0.83959237  0.8128563   0.84956851  0.79330305  0.83360668  0.80607252
  0.80088492  0.8503666   0.81046202  0.82762099  0.85475611  0.87311221
  0.83679905  0.8651313   0.84757328  0.83400573  0.80647157  0.82363053
  0.8415876   0.83440477  0.84877042  0.79649542  0.8312124   0.83440477
  0.83001527  0.82123626  0.82323149  0.84358282  0.84198664  0.80527443
  0.82203435  0.84318378  0.84557805  0.84877042  0.80168302  0.8128563 ]
zenith[ 220.    0.    0.    0.    0.    0.    0.]
showers[0, 231, 4, 2]
det hits[ 559951.  217365.  230593.  243382.]
radius[ 137.   49.   22.   20.    5.    4.]
[0.90063162635390992, 0.0, 0.43458333333333327] coincidence = 3 [22, 137, 17, 4, 2, 49]
[0.96867463864579195, 0.0, 0.24833333333333335] coincidence = 2 [22, 137, 17, 4, 2, 50]
[6.123233995736766e-17, 0.0, 1.0] coincidence = 2 [22, 138, 17, 4, 2, 50]
[0.97470392940625816, 0.0, 0.22349999999999995] coincidence = 3 [22, 138, 17, 4, 2, 50]
[0.95456586991155301, 0.0, 0.29799999999999993] coincidence = 2 [22, 138, 18, 4, 2, 50]
[0.99226137629602862, 0.0, 0.12416666666666665] coincidence = 2 [22, 138, 18, 4, 2, 51]
[0.66706446465090619, 0.0, 0.7450000000000001] coincidence = 2 [23, 138, 18, 4, 2, 51]
[0.92803219232955492, 0.0, 0.3725] coincidence = 2 [23, 139, 18, 4, 2, 51]
[0.49451926712268307, 0.0, 0.8691666666666666] coincidence = 2 [23, 139, 18, 4, 2, 52]
[0.66706446465090619, 0.0, 0.7450000000000001] coincidence = 2 [23, 140, 18, 4, 2, 52]
[0.98250238549328728, 0.0, 0.18625000000000003] coincidence = 2 [23, 141, 18, 4, 2, 52]
[6.123233995736766e-17, 0.0, 1.0] coincidence = 2 [24, 141, 18, 4, 2, 52]
[0.92803219232955492, 0.0, 0.3725] coincidence = 2 [24, 142, 18, 4, 2, 52]
[6.123233995736766e-17, 0.0, 1.0] coincidence = 2 [24, 143, 18, 4, 2, 52]
[0.66706446465090619, 0.0, 0.7450000000000001] coincidence = 2 [24, 144, 18, 4, 2, 52]
[6.123233995736766e-17, 0.0, 1.0] coincidence = 2 [24, 145, 18, 4, 2, 52]
[0.99226137629602862, 0.0, 0.12416666666666665] coincidence = 2 [24, 145, 18, 4, 2, 53]
[6.123233995736766e-17, 0.0, 1.0] coincidence = 2 [24, 145, 18, 4, 2, 54]
[1.0, 0.0, 0.0] coincidence = 2 [24, 146, 18, 4, 2, 54]
[0.98250238549328728, 0.0, 0.18625000000000003] coincidence = 2 [24, 147, 18, 4, 2, 54]
[0.98883719590233854, 0.0, 0.149] coincidence = 3 [24, 147, 18, 4, 2, 54]
t0.831887990429
Sat Jan 27 03:16:49 2018
zenith[ 240.    0.    0.    0.    0.    0.    0.]
showers[0, 249, 7, 2]
det hits[ 615770.  239219.  253331.  267572.]
radius[ 147.   54.   24.   23.    6.    4.]
h[ 0.81525057  0.84877042  0.8364      0.85395802  0.81086107  0.78771641
  0.82043817  0.85355897  0.81644771  0.83280859  0.87630458  0.85276088
  0.8320105   0.82402958  0.8364      0.85116469  0.82602481  0.80088492
  0.83440477  0.84677519  0.83400573  0.83440477  0.82043817  0.82482767
  0.78612023  0.81485153  0.82881813  0.81844294  0.83001527  0.83719809
  0.86433321  0.81964008  0.80966393  0.85515515  0.82203435  0.83041431
  0.84118855  0.80886584  0.80806775  0.82363053  0.83799618  0.83280859
  0.85156374  0.82163531  0.80846679  0.80288015  0.81684676  0.81205821
  0.82402958  0.86592939  0.83959237  0.83959237  0.84557805  0.82961622
  0.80567347  0.83400573  0.81365439  0.80168302  0.79489924  0.83240954]
[6.123233995736766e-17, 0.0, 1.0] coincidence = 2 [24, 148, 18, 4, 2, 54]
[0.74190952952499545, 0.0, 0.6705] coincidence = 2 [24, 148, 19, 4, 2, 54]
[0.44806695928175749, 0.0, 0.8939999999999999] coincidence = 2 [24, 148, 20, 4, 2, 54]
[6.123233995736766e-17, 0.0, 1.0] coincidence = 2 [25, 148, 20, 4, 2, 54]
[0.99565442517722991, 0.0, 0.093125] coincidence = 2 [26, 148, 20, 4, 2, 54]
[6.123233995736766e-17, 0.0, 1.0] coincidence = 2 [26, 148, 20, 4, 2, 55]
[0.92803219232955492, 0.0, 0.3725] coincidence = 2 [27, 148, 20, 4, 2, 55]
[6.123233995736766e-17, 0.0, 1.0] coincidence = 2 [27, 149, 20, 4, 2, 55]
[0.85325128186250032, 0.0, 0.5215] coincidence = 2 [27, 149, 21, 4, 2, 55]
[0.78394258222284519, 0.0, 0.6208333333333333] coincidence = 2 [27, 149, 21, 4, 2, 56]
[0.66706446465090619, 0.0, 0.7450000000000001] coincidence = 2 [27, 150, 21, 4, 2, 56]
[0.92803219232955492, 0.0, 0.3725] coincidence = 2 [27, 151, 21, 4, 2, 56]
[0.99565442517722991, 0.0, 0.093125] coincidence = 2 [28, 151, 21, 4, 2, 56]
[0.92803219232955492, 0.0, 0.3725] coincidence = 2 [28, 152, 21, 4, 2, 56]
[0.66706446465090619, 0.0, 0.7450000000000001] coincidence = 2 [28, 153, 21, 4, 2, 56]
[1.0, 0.0, 0.0] coincidence = 2 [28, 154, 21, 4, 2, 56]
[6.123233995736766e-17, 0.0, 1.0] coincidence = 2 [28, 154, 22, 4, 2, 56]
[6.123233995736766e-17, 0.0, 1.0] coincidence = 2 [28, 155, 22, 4, 2, 56]
[0.74190952952499545, 0.0, 0.6705] coincidence = 2 [28, 155, 23, 4, 2, 56]
[0.66706446465090607, 0.0, 0.7449999999999999] coincidence = 2 [28, 155, 23, 4, 2, 57]
[0.92803219232955492, 0.0, 0.3725] coincidence = 2 [28, 156, 23, 4, 2, 57]
[6.123233995736766e-17, 0.0, 1.0] coincidence = 2 [28, 157, 23, 4, 2, 57]
[6.123233995736766e-17, 0.0, 1.0] coincidence = 2 [28, 157, 23, 4, 2, 58]
t0.831794164473
Sat Jan 27 04:16:49 2018
zenith[ 262.    0.    0.    0.    0.    0.    0.]
showers[0, 272, 7, 2]
h[ 0.85675134  0.82841908  0.84517901  0.8364      0.81525057  0.81365439
  0.84477996  0.86233798  0.8599437   0.84477996  0.8459771   0.81205821
  0.82083721  0.84517901  0.82841908  0.8268229   0.82961622  0.83600095
  0.78971164  0.83240954  0.78651928  0.8459771   0.83600095  0.81485153
  0.82762099  0.82602481  0.83600095  0.78651928  0.83759714  0.85635229
  0.83879428  0.81764485  0.8320105   0.81245725  0.83440477  0.83041431
  0.82283244  0.84198664  0.8407895   0.83919332  0.82043817  0.88229027
  0.82043817  0.85715038  0.83081336  0.82722195  0.83161145  0.83320763
  0.82722195  0.83839523  0.83839523  0.80527443  0.80567347  0.82762099
  0.84797233  0.82762099  0.85595324  0.82323149  0.80367824  0.82802004]
det hits[ 671386.  261028.  276276.  292109.]
radius[ 157.   58.   28.   28.    6.    4.]
[6.123233995736766e-17, 0.0, 1.0] coincidence = 2 [28, 158, 23, 4, 2, 58]
[0.92803219232955492, 0.0, 0.3725] coincidence = 2 [28, 159, 23, 4, 2, 58]
[6.123233995736766e-17, 0.0, 1.0] coincidence = 2 [28, 160, 23, 4, 2, 58]
[6.123233995736766e-17, 0.0, 1.0] coincidence = 2 [28, 161, 23, 4, 2, 58]
[6.123233995736766e-17, 0.0, 1.0] coincidence = 2 [28, 161, 23, 5, 2, 58]
[0.92803219232955492, 0.0, 0.3725] coincidence = 2 [28, 162, 23, 5, 2, 58]
[6.123233995736766e-17, 0.0, 1.0] coincidence = 2 [28, 163, 23, 5, 2, 58]
[6.123233995736766e-17, 0.0, 1.0] coincidence = 2 [29, 163, 23, 5, 2, 58]
[0.92803219232955492, 0.0, 0.3725] coincidence = 2 [29, 164, 23, 5, 2, 58]
[6.123233995736766e-17, 0.0, 1.0] coincidence = 2 [29, 165, 23, 5, 2, 58]
[0.3643808961787105, 0.0, 0.9312499999999999] coincidence = 2 [29, 166, 23, 5, 2, 58]
[0.86794137026772866, 0.0, 0.49666666666666665] coincidence = 2 [29, 166, 23, 5, 2, 59]
[0.11527744310527101, 0.0, 0.9933333333333333] coincidence = 2 [29, 166, 23, 5, 2, 60]
[0.82933614264663524, 0.0, 0.55875] coincidence = 2 [29, 167, 23, 5, 2, 60]
[6.123233995736766e-17, 0.0, 1.0] coincidence = 2 [29, 168, 23, 5, 2, 60]
[0.86794137026772866, 0.0, 0.49666666666666665] coincidence = 2 [29, 168, 23, 5, 2, 61]
[6.123233995736766e-17, 0.0, 1.0] coincidence = 2 [29, 169, 23, 5, 2, 61]
[0.98250238549328728, 0.0, 0.18625000000000003] coincidence = 2 [29, 170, 23, 5, 2, 61]
[1.0, 0.0, 0.0] coincidence = 2 [29, 171, 23, 5, 2, 61]
[0.3643808961787105, 0.0, 0.9312499999999999] coincidence = 2 [29, 172, 23, 5, 2, 61]
[0.98250238549328728, 0.0, 0.18625000000000003] coincidence = 2 [29, 173, 23, 5, 2, 61]
[0.92803219232955503, 0.0, 0.3725] coincidence = 2 [29, 173, 24, 5, 2, 61]
[0.66706446465090607, 0.0, 0.7449999999999999] coincidence = 2 [29, 173, 24, 5, 2, 62]
[0.82933614264663524, 0.0, 0.55875] coincidence = 2 [29, 174, 24, 5, 2, 62]
[0.98250238549328728, 0.0, 0.18625000000000003] coincidence = 2 [29, 175, 24, 5, 2, 62]
[0.9972210136173425, 0.0, 0.0745] coincidence = 3 [29, 175, 24, 5, 2, 62]
t0.831693201991
Sat Jan 27 05:16:49 2018
h[ 0.82961622  0.84438092  0.81165916  0.80567347  0.82363053  0.86672748
  0.79609637  0.85715038  0.86712653  0.82562576  0.84637615  0.81964008
  0.83679905  0.8555542   0.85395802  0.82602481  0.8172458   0.81525057
  0.86592939  0.84757328  0.85954466  0.79849065  0.81644771  0.83839523
  0.81644771  0.84318378  0.83560191  0.82642386  0.82522672  0.8320105
  0.84198664  0.82562576  0.85076565  0.82722195  0.80128397  0.82841908
  0.77534599  0.80248111  0.83480382  0.82562576  0.84996756  0.84398187
  0.82083721  0.8503666   0.80447634  0.85435706  0.82363053  0.84039046
  0.84797233  0.82003912  0.81684676  0.82283244  0.86034275  0.80367824
  0.82602481  0.80088492  0.82802004  0.83480382  0.83839523  0.85715038]
zenith[ 287.    0.    0.    0.    0.    0.    0.]
showers[0, 297, 8, 2]
det hits[ 727275.  282854.  298888.  316660.]
radius[ 175.   62.   29.   30.    7.    4.]
[6.123233995736766e-17, 0.0, 1.0] coincidence = 2 [29, 176, 24, 5, 2, 62]
[0.98250238549328728, 0.0, 0.18625000000000003] coincidence = 2 [29, 177, 24, 5, 2, 62]
[0.82933614264663524, 0.0, 0.55875] coincidence = 2 [29, 178, 24, 5, 2, 62]
[0.66706446465090619, 0.0, 0.7450000000000001] coincidence = 2 [29, 179, 24, 5, 2, 62]
[0.82933614264663524, 0.0, 0.55875] coincidence = 2 [29, 180, 24, 5, 2, 62]
[0.98250238549328728, 0.0, 0.18625000000000003] coincidence = 2 [29, 181, 24, 5, 2, 62]
[6.123233995736766e-17, 0.0, 1.0] coincidence = 2 [29, 181, 25, 5, 2, 62]
[0.92803219232955492, 0.0, 0.3725] coincidence = 2 [29, 182, 25, 5, 2, 62]
[0.92803219232955503, 0.0, 0.3725] coincidence = 2 [29, 182, 26, 5, 2, 62]
[0.97470392940625816, 0.0, 0.22349999999999995] coincidence = 2 [29, 182, 27, 5, 2, 62]
[0.98250238549328728, 0.0, 0.18625000000000003] coincidence = 2 [29, 183, 27, 5, 2, 62]
[0.66706446465090607, 0.0, 0.7449999999999999] coincidence = 2 [29, 183, 27, 5, 2, 63]
[0.85325128186250032, 0.0, 0.5215] coincidence = 2 [29, 183, 28, 5, 2, 63]
[0.59043754373816348, 0.0, 0.8070833333333333] coincidence = 2 [29, 183, 28, 6, 2, 63]
[6.123233995736766e-17, 0.0, 1.0] coincidence = 2 [29, 184, 28, 6, 2, 63]
[0.9972210136173425, 0.0, 0.0745] coincidence = 3 [29, 184, 28, 6, 2, 63]
[0.92803219232955492, 0.0, 0.3725] coincidence = 2 [29, 185, 28, 6, 2, 63]
[6.123233995736766e-17, 0.0, 1.0] coincidence = 2 [29, 186, 28, 6, 2, 63]
[0.3643808961787105, 0.0, 0.9312499999999999] coincidence = 2 [29, 187, 28, 6, 2, 63]
[0.82933614264663524, 0.0, 0.55875] coincidence = 2 [29, 188, 28, 6, 2, 63]
[6.123233995736766e-17, 0.0, 1.0] coincidence = 2 [29, 189, 28, 6, 2, 63]
t0.831593560438
Sat Jan 27 06:16:49 2018
h[ 0.79928874  0.81485153  0.82402958  0.8268229   0.8415876   0.84238569
  0.83240954  0.84956851  0.86273702  0.84477996  0.83400573  0.8032792
  0.82841908  0.86153989  0.80527443  0.8128563   0.81245725  0.81325534
  0.81924103  0.82363053  0.79888969  0.82482767  0.80687061  0.81086107
  0.83839523  0.8415876   0.83600095  0.81764485  0.83400573  0.84677519
  0.83240954  0.84677519  0.84477996  0.8224334   0.80168302  0.87949695
  0.81884199  0.8555542   0.83759714  0.82642386  0.82123626  0.85435706
  0.85914561  0.81884199  0.8172458   0.80567347  0.85276088  0.84477996
  0.83280859  0.81684676  0.80926489  0.83879428  0.82642386  0.87111699
  0.81205821  0.84677519  0.83240954  0.80567347  0.82762099  0.79609637]
zenith[ 308.    0.    0.    0.    0.    0.    0.]
showers[0, 317, 9, 2]
det hits[ 783139.  304530.  321976.  340868.]
radius[ 189.   63.   29.   35.    8.    4.]
[0.11527744310527101, 0.0, 0.9933333333333333] coincidence = 2 [29, 189, 28, 6, 2, 64]
[0.86794137026772866, 0.0, 0.49666666666666665] coincidence = 2 [29, 189, 28, 6, 2, 65]
[0.96867463864579195, 0.0, 0.24833333333333335] coincidence = 2 [29, 189, 28, 6, 2, 66]
[1.0, 0.0, 0.0] coincidence = 2 [29, 189, 28, 6, 2, 67]
[6.123233995736766e-17, 0.0, 1.0] coincidence = 2 [29, 190, 28, 6, 2, 67]
[6.123233995736766e-17, 0.0, 1.0] coincidence = 2 [29, 191, 28, 6, 2, 67]
[6.123233995736766e-17, 0.0, 1.0] coincidence = 2 [29, 192, 28, 6, 2, 67]
[6.123233995736766e-17, 0.0, 1.0] coincidence = 2 [29, 192, 28, 6, 2, 68]
[0.99565442517722991, 0.0, 0.093125] coincidence = 2 [30, 192, 28, 6, 2, 68]
[6.123233995736766e-17, 0.0, 1.0] coincidence = 2 [30, 193, 28, 6, 2, 68]
[0.78394258222284519, 0.0, 0.6208333333333333] coincidence = 2 [30, 193, 28, 6, 2, 69]
[1.0, 0.0, 0.0] coincidence = 2 [31, 193, 28, 6, 2, 69]
[0.78394258222284519, 0.0, 0.6208333333333333] coincidence = 2 [31, 193, 28, 6, 2, 70]
[1.0, 0.0, 0.0] coincidence = 2 [31, 194, 28, 6, 2, 70]
[0.99226137629602862, 0.0, 0.12416666666666665] coincidence = 2 [31, 194, 28, 6, 2, 71]
[0.82933614264663524, 0.0, 0.55875] coincidence = 2 [31, 195, 28, 6, 2, 71]
[0.3643808961787105, 0.0, 0.9312499999999999] coincidence = 2 [31, 196, 28, 6, 2, 71]
[0.85325128186250032, 0.0, 0.5215] coincidence = 2 [31, 196, 29, 6, 2, 71]
[6.123233995736766e-17, 0.0, 1.0] coincidence = 2 [31, 197, 29, 6, 2, 71]
[0.98250238549328728, 0.0, 0.18625000000000003] coincidence = 2 [31, 198, 29, 6, 2, 71]
[0.82933614264663524, 0.0, 0.55875] coincidence = 2 [31, 199, 29, 6, 2, 71]
[0.66706446465090619, 0.0, 0.7450000000000001] coincidence = 2 [31, 200, 29, 6, 2, 71]
[0.66706446465090619, 0.0, 0.7450000000000001] coincidence = 2 [31, 201, 29, 6, 2, 71]
[6.123233995736766e-17, 0.0, 1.0] coincidence = 2 [31, 201, 29, 6, 2, 72]
[0.99226137629602862, 0.0, 0.12416666666666665] coincidence = 2 [31, 201, 29, 6, 2, 73]
t0.831559431772
Sat Jan 27 07:16:49 2018
zenith[ 330.    0.    0.    0.    0.    0.    0.]
showers[0, 342, 9, 2]
det hits[ 838699.  326157.  344989.  365636.]
h[ 0.84837137  0.82802004  0.81205821  0.86313607  0.84278473  0.80886584
  0.8224334   0.8555542   0.83959237  0.83799618  0.82442863  0.83560191
  0.8320105   0.83081336  0.84438092  0.84956851  0.80008683  0.83041431
  0.82841908  0.80128397  0.83839523  0.82602481  0.83440477  0.80926489
  0.81325534  0.82802004  0.85914561  0.85355897  0.83839523  0.81325534
  0.80208206  0.83480382  0.82203435  0.84118855  0.7980916   0.80806775
  0.81445248  0.86074179  0.8224334   0.84318378  0.83999141  0.82802004
  0.81924103  0.86553034  0.84757328  0.83161145  0.81006298  0.87071794
  0.82602481  0.83280859  0.79130782  0.83001527  0.84996756  0.81046202
  0.84557805  0.83280859  0.84477996  0.85196279  0.80726966  0.8320105 ]
radius[ 201.   73.   31.   36.    8.    4.]
[0.92803219232955492, 0.0, 0.3725] coincidence = 2 [31, 202, 29, 6, 2, 73]
[6.123233995736766e-17, 0.0, 1.0] coincidence = 2 [31, 203, 29, 6, 2, 73]
[0.92803219232955492, 0.0, 0.3725] coincidence = 2 [31, 204, 29, 6, 2, 73]
[0.66706446465090619, 0.0, 0.7450000000000001] coincidence = 2 [31, 205, 29, 6, 2, 73]
[0.99226137629602862, 0.0, 0.12416666666666665] coincidence = 2 [31, 205, 29, 6, 2, 74]
[6.123233995736766e-17, 0.0, 1.0] coincidence = 2 [31, 206, 29, 6, 2, 74]
[0.11527744310527101, 0.0, 0.9933333333333333] coincidence = 2 [31, 206, 29, 6, 2, 75]
[0.82933614264663524, 0.0, 0.55875] coincidence = 2 [31, 207, 29, 6, 2, 75]
[0.66706446465090619, 0.0, 0.7450000000000001] coincidence = 2 [31, 208, 29, 6, 2, 75]
[0.92803219232955492, 0.0, 0.3725] coincidence = 2 [31, 209, 29, 6, 2, 75]
[0.66706446465090619, 0.0, 0.7450000000000001] coincidence = 2 [31, 210, 29, 6, 2, 75]
[0.78394258222284519, 0.0, 0.6208333333333333] coincidence = 2 [31, 210, 29, 6, 2, 76]
[6.123233995736766e-17, 0.0, 1.0] coincidence = 2 [31, 210, 29, 6, 2, 77]
[6.123233995736766e-17, 0.0, 1.0] coincidence = 2 [32, 210, 29, 6, 2, 77]
[0.66706446465090619, 0.0, 0.7450000000000001] coincidence = 2 [32, 211, 29, 6, 2, 77]
[1.0, 0.0, 0.0] coincidence = 2 [32, 212, 29, 6, 2, 77]
[6.123233995736766e-17, 0.0, 1.0] coincidence = 3 [32, 212, 29, 6, 2, 77]
[0.82933614264663524, 0.0, 0.55875] coincidence = 2 [32, 213, 29, 6, 2, 77]
t0.831365349487
Sat Jan 27 08:16:49 2018
zenith[ 347.    0.    0.    0.    0.    0.    0.]
showers[0, 359, 10, 2]
det hits[ 894644.  347716.  367863.  389829.]
h[ 0.82442863  0.83719809  0.82642386  0.8364      0.83879428  0.82602481
  0.79769256  0.81644771  0.84877042  0.81006298  0.83600095  0.83839523
  0.8312124   0.83719809  0.81884199  0.85395802  0.82482767  0.80647157
  0.82881813  0.82083721  0.83919332  0.82363053  0.86991985  0.85475611
  0.84198664  0.81764485  0.82363053  0.79689447  0.83161145  0.82402958
  0.82003912  0.83041431  0.80407729  0.80607252  0.81604866  0.85156374
  0.8364      0.82123626  0.82203435  0.86193893  0.81485153  0.8364
  0.81884199  0.86153989  0.83400573  0.83879428  0.8407895   0.82921718
  0.84517901  0.80926489  0.79210592  0.83360668  0.82123626  0.81325534
  0.82602481  0.84557805  0.78651928  0.8268229   0.86153989  0.82083721]
radius[ 213.   77.   32.   37.    8.    4.]
[0.6670644646509063, 0.0, 0.7449999999999999] coincidence = 2 [32, 213, 30, 6, 2, 77]
[0.99565442517722991, 0.0, 0.093125] coincidence = 2 [33, 213, 30, 6, 2, 77]
[0.9972210136173425, 0.0, 0.0745] coincidence = 2 [33, 213, 31, 6, 2, 77]
[0.99226137629602862, 0.0, 0.12416666666666665] coincidence = 2 [33, 213, 31, 6, 2, 78]
[0.3643808961787105, 0.0, 0.9312499999999999] coincidence = 2 [33, 214, 31, 6, 2, 78]
[0.97470392940625816, 0.0, 0.22349999999999995] coincidence = 2 [33, 214, 32, 6, 2, 78]
[0.95456586991155301, 0.0, 0.29799999999999993] coincidence = 2 [33, 214, 33, 6, 2, 78]
[0.66706446465090607, 0.0, 0.7449999999999999] coincidence = 2 [33, 214, 33, 6, 2, 79]
[6.123233995736766e-17, 0.0, 1.0] coincidence = 2 [34, 214, 33, 6, 2, 79]
[6.123233995736766e-17, 0.0, 1.0] coincidence = 2 [34, 215, 33, 6, 2, 79]
[6.123233995736766e-17, 0.0, 1.0] coincidence = 2 [34, 216, 33, 6, 2, 79]
[6.123233995736766e-17, 0.0, 1.0] coincidence = 2 [34, 216, 34, 6, 2, 79]
[6.123233995736766e-17, 0.0, 1.0] coincidence = 2 [34, 217, 34, 6, 2, 79]
[0.92803219232955492, 0.0, 0.3725] coincidence = 2 [34, 218, 34, 6, 2, 79]
[6.123233995736766e-17, 0.0, 1.0] coincidence = 2 [35, 218, 34, 6, 2, 79]
[6.123233995736766e-17, 0.0, 1.0] coincidence = 2 [35, 219, 34, 6, 2, 79]
[6.123233995736766e-17, 0.0, 1.0] coincidence = 2 [35, 220, 34, 6, 2, 79]
[0.66706446465090619, 0.0, 0.7450000000000001] coincidence = 2 [35, 221, 34, 6, 2, 79]
[0.82933614264663524, 0.0, 0.55875] coincidence = 2 [35, 222, 34, 6, 2, 79]
[0.3643808961787105, 0.0, 0.9312499999999999] coincidence = 2 [36, 222, 34, 6, 2, 79]
[0.82933614264663524, 0.0, 0.55875] coincidence = 2 [36, 223, 34, 6, 2, 79]
[0.98250238549328728, 0.0, 0.18625000000000003] coincidence = 2 [36, 224, 34, 6, 2, 79]
[0.82933614264663524, 0.0, 0.55875] coincidence = 2 [36, 225, 34, 6, 2, 79]
[6.123233995736766e-17, 0.0, 1.0] coincidence = 2 [36, 225, 35, 6, 2, 79]
[0.66706446465090607, 0.0, 0.7449999999999999] coincidence = 2 [36, 225, 35, 6, 2, 80]
[0.98250238549328728, 0.0, 0.18625000000000003] coincidence = 2 [37, 225, 35, 6, 2, 80]
[0.82933614264663524, 0.0, 0.55875] coincidence = 2 [37, 226, 35, 6, 2, 80]
t0.831005974017
Sat Jan 27 09:16:49 2018
zenith[ 374.    0.    0.    0.    0.    0.    0.]
showers[0, 386, 10, 2]
h[ 0.8268229   0.8415876   0.82602481  0.82083721  0.81046202  0.82762099
  0.81365439  0.8312124   0.80567347  0.84198664  0.84956851  0.81365439
  0.79011069  0.82203435  0.80726966  0.82363053  0.82163531  0.81924103
  0.81884199  0.8076687   0.81844294  0.84278473  0.82921718  0.82083721
  0.82562576  0.8268229   0.80886584  0.83560191  0.82482767  0.80647157
  0.82602481  0.81046202  0.8407895   0.82722195  0.81804389  0.81245725
  0.8459771   0.8407895   0.81046202  0.83959237  0.79529828  0.83919332
  0.83560191  0.84238569  0.82123626  0.85116469  0.82802004  0.8415876
  0.88388645  0.82762099  0.83001527  0.84517901  0.79888969  0.84238569
  0.8407895   0.79290401  0.80966393  0.84398187  0.81205821  0.80208206]
det hits[ 950253.  369180.  390470.  414233.]
radius[ 226.   80.   37.   43.    8.    4.]
[6.123233995736766e-17, 0.0, 1.0] coincidence = 2 [37, 226, 35, 6, 2, 81]
[0.78394258222284519, 0.0, 0.6208333333333333] coincidence = 2 [37, 226, 35, 6, 2, 82]
[0.66706446465090619, 0.0, 0.7450000000000001] coincidence = 2 [37, 227, 35, 6, 2, 82]
[6.123233995736766e-17, 0.0, 1.0] coincidence = 2 [37, 228, 35, 6, 2, 82]
[6.123233995736766e-17, 0.0, 1.0] coincidence = 2 [37, 229, 35, 6, 2, 82]
[0.66706446465090607, 0.0, 0.7449999999999999] coincidence = 2 [37, 229, 35, 6, 2, 83]
[0.92803219232955492, 0.0, 0.3725] coincidence = 2 [37, 230, 35, 6, 2, 83]
[6.123233995736766e-17, 0.0, 1.0] coincidence = 2 [37, 231, 35, 6, 2, 83]
[0.97470392940625816, 0.0, 0.22349999999999995] coincidence = 3 [37, 231, 35, 6, 2, 83]
[6.123233995736766e-17, 0.0, 1.0] coincidence = 2 [37, 232, 35, 6, 2, 83]
[1.0, 0.0, 0.0] coincidence = 2 [37, 232, 35, 6, 2, 84]
[0.3643808961787105, 0.0, 0.9312499999999999] coincidence = 2 [37, 233, 35, 6, 2, 84]
[6.123233995736766e-17, 0.0, 1.0] coincidence = 2 [37, 234, 35, 6, 2, 84]
[0.98250238549328728, 0.0, 0.18625000000000003] coincidence = 2 [37, 235, 35, 6, 2, 84]
[6.123233995736766e-17, 0.0, 1.0] coincidence = 2 [37, 235, 36, 6, 2, 84]
[0.92803219232955492, 0.0, 0.3725] coincidence = 2 [37, 236, 36, 6, 2, 84]
[6.123233995736766e-17, 0.0, 1.0] coincidence = 2 [37, 236, 36, 6, 2, 85]
[0.78394258222284519, 0.0, 0.6208333333333333] coincidence = 2 [37, 236, 36, 6, 2, 86]
[0.82933614264663524, 0.0, 0.55875] coincidence = 2 [37, 237, 36, 6, 2, 86]
[6.123233995736766e-17, 0.0, 1.0] coincidence = 2 [37, 237, 36, 6, 2, 87]
[0.98250238549328728, 0.0, 0.18625000000000003] coincidence = 2 [37, 238, 36, 6, 2, 87]
[0.98250238549328728, 0.0, 0.18625000000000003] coincidence = 2 [37, 239, 36, 6, 2, 87]
t0.83088825985
Sat Jan 27 10:16:49 2018
zenith[ 395.    0.    0.    0.    0.    0.    0.]
showers[0, 407, 11, 2]
h[ 0.88189122  0.86433321  0.81086107  0.81564962  0.83161145  0.82283244
  0.82762099  0.8320105   0.81924103  0.84318378  0.8415876   0.81006298
  0.83839523  0.83520286  0.85236183  0.79410115  0.79968779  0.82203435
  0.80128397  0.81964008  0.81684676  0.81405344  0.84757328  0.85834752
  0.82442863  0.84517901  0.84039046  0.85435706  0.83919332  0.85595324
  0.83041431  0.81644771  0.83520286  0.8407895   0.83400573  0.82482767
  0.82642386  0.87151603  0.80367824  0.83161145  0.8032792   0.84797233
  0.82283244  0.82522672  0.82802004  0.85435706  0.81245725  0.82522672
  0.83041431  0.82562576  0.79928874  0.83240954  0.81245725  0.8407895
  0.82123626  0.8128563   0.81365439  0.82841908  0.8172458   0.80487538]
det hits[ 1005677.   390892.   413472.   438724.]
radius[ 239.   87.   37.   45.    8.    4.]
[1.0, 0.0, 0.0] coincidence = 2 [37, 240, 36, 6, 2, 87]
[0.98250238549328728, 0.0, 0.18625000000000003] coincidence = 2 [37, 241, 36, 6, 2, 87]
[0.11527744310527101, 0.0, 0.9933333333333333] coincidence = 2 [37, 241, 36, 6, 2, 88]
[0.54547821622407611, 0.0, 0.838125] coincidence = 2 [38, 241, 36, 6, 2, 88]
[1.0, 0.0, 0.0] coincidence = 2 [38, 241, 36, 7, 2, 88]
[0.98250238549328728, 0.0, 0.18625000000000003] coincidence = 2 [38, 242, 36, 7, 2, 88]
[6.123233995736766e-17, 0.0, 1.0] coincidence = 2 [38, 243, 36, 7, 2, 88]
[0.99565442517722991, 0.0, 0.093125] coincidence = 2 [39, 243, 36, 7, 2, 88]
[0.98250238549328728, 0.0, 0.18625000000000003] coincidence = 2 [39, 244, 36, 7, 2, 88]
[0.99565442517722991, 0.0, 0.093125] coincidence = 2 [40, 244, 36, 7, 2, 88]
[0.85325128186250032, 0.0, 0.5215] coincidence = 2 [40, 244, 37, 7, 2, 88]
[6.123233995736766e-17, 0.0, 1.0] coincidence = 2 [40, 245, 37, 7, 2, 88]
[0.49451926712268307, 0.0, 0.8691666666666666] coincidence = 2 [40, 245, 37, 7, 2, 89]
[0.92803219232955492, 0.0, 0.3725] coincidence = 2 [40, 246, 37, 7, 2, 89]
[0.95456586991155301, 0.0, 0.29799999999999993] coincidence = 2 [40, 246, 38, 7, 2, 89]
t0.830727130091
Sat Jan 27 11:16:49 2018
zenith[ 408.    0.    0.    0.    0.    0.    0.]
showers[0, 422, 11, 2]
det hits[ 1061184.   412457.   436444.   463157.]
radius[ 246.   89.   40.   47.    9.    4.]
h[ 0.84877042  0.83041431  0.82123626  0.81844294  0.83400573  0.79649542
  0.85196279  0.84797233  0.80288015  0.80607252  0.82802004  0.81245725
  0.81604866  0.81884199  0.83161145  0.83879428  0.79250496  0.80407729
  0.84517901  0.8312124   0.82402958  0.81126011  0.83719809  0.8555542
  0.80966393  0.85715038  0.84198664  0.81884199  0.83520286  0.81405344
  0.82841908  0.83041431  0.81964008  0.8407895   0.81245725  0.83759714
  0.82402958  0.79489924  0.82283244  0.84438092  0.8651313   0.84039046
  0.81564962  0.81844294  0.84717424  0.81405344  0.83400573  0.81604866
  0.8172458   0.83001527  0.83480382  0.86792462  0.86233798  0.83839523
  0.81445248  0.8268229   0.83520286  0.83081336  0.79489924  0.82482767]
[6.123233995736766e-17, 0.0, 1.0] coincidence = 2 [40, 247, 38, 7, 2, 89]
[0.98250238549328728, 0.0, 0.18625000000000003] coincidence = 2 [40, 248, 38, 7, 2, 89]
[6.123233995736766e-17, 0.0, 1.0] coincidence = 2 [40, 249, 38, 7, 2, 89]
[0.9972210136173425, 0.0, 0.0745] coincidence = 2 [40, 249, 39, 7, 2, 89]
[6.123233995736766e-17, 0.0, 1.0] coincidence = 2 [41, 249, 39, 7, 2, 89]
[0.3643808961787105, 0.0, 0.9312499999999999] coincidence = 2 [42, 249, 39, 7, 2, 89]
[0.66706446465090619, 0.0, 0.7450000000000001] coincidence = 2 [42, 250, 39, 7, 2, 89]
[0.85325128186250032, 0.0, 0.5215] coincidence = 2 [42, 250, 40, 7, 2, 89]
[6.123233995736766e-17, 0.0, 1.0] coincidence = 2 [42, 250, 41, 7, 2, 89]
[0.99226137629602862, 0.0, 0.12416666666666665] coincidence = 2 [42, 250, 41, 7, 2, 90]
[6.123233995736766e-17, 0.0, 1.0] coincidence = 2 [42, 251, 41, 7, 2, 90]
[0.96018207095060892, 0.0, 0.279375] coincidence = 2 [43, 251, 41, 7, 2, 90]
[0.99226137629602873, 0.0, 0.12416666666666665] coincidence = 3 [43, 251, 41, 7, 2, 90]
[0.57307918301051552, 0.0, 0.8195] coincidence = 3 [43, 251, 41, 7, 2, 90]
t0.830841153975
Sat Jan 27 12:16:49 2018
zenith[ 422.    0.    0.    0.    0.    0.    0.]
showers[0, 434, 13, 2]
h[ 0.82003912  0.83520286  0.83919332  0.83600095  0.80726966  0.85914561
  0.81205821  0.8459771   0.8312124   0.83560191  0.84039046  0.85395802
  0.84637615  0.81006298  0.8790979   0.80806775  0.84517901  0.8312124
  0.85595324  0.82163531  0.80048588  0.84198664  0.83081336  0.83240954
  0.84996756  0.80407729  0.83280859  0.82043817  0.82442863  0.80607252
  0.81245725  0.84278473  0.8459771   0.83400573  0.83480382  0.8407895
  0.84797233  0.81684676  0.87311221  0.8320105   0.83280859  0.82203435
  0.85874657  0.82722195  0.8415876   0.8312124   0.86034275  0.83999141
  0.84318378  0.81804389  0.79330305  0.84398187  0.83161145  0.82802004
  0.81165916  0.82043817  0.82363053  0.82363053  0.85395802  0.84438092]
det hits[ 1117088.   434267.   459564.   487584.]
radius[ 251.   90.   43.   51.    9.    5.]
[0.92803219232955492, 0.0, 0.3725] coincidence = 2 [43, 252, 41, 7, 2, 90]
[6.123233995736766e-17, 0.0, 1.0] coincidence = 2 [43, 252, 41, 7, 2, 91]
[0.82933614264663524, 0.0, 0.55875] coincidence = 2 [43, 253, 41, 7, 2, 91]
[6.123233995736766e-17, 0.0, 1.0] coincidence = 2 [43, 253, 42, 7, 2, 91]
[0.82933614264663524, 0.0, 0.55875] coincidence = 2 [43, 254, 42, 7, 2, 91]
[0.56105610291421315, 0.0, 0.8277777777777777] coincidence = 2 [43, 254, 42, 7, 3, 91]
[0.82933614264663524, 0.0, 0.55875] coincidence = 2 [43, 255, 42, 7, 3, 91]
[0.98250238549328728, 0.0, 0.18625000000000003] coincidence = 2 [43, 256, 42, 7, 3, 91]
[6.123233995736766e-17, 0.0, 1.0] coincidence = 2 [43, 257, 42, 7, 3, 91]
[6.123233995736766e-17, 0.0, 1.0] coincidence = 2 [43, 257, 42, 7, 3, 92]
[0.92803219232955492, 0.0, 0.3725] coincidence = 2 [43, 258, 42, 7, 3, 92]
[0.92803219232955492, 0.0, 0.3725] coincidence = 2 [43, 259, 42, 7, 3, 92]
[0.92803219232955503, 0.0, 0.3725] coincidence = 2 [43, 259, 42, 7, 3, 93]
[0.92803219232955492, 0.0, 0.3725] coincidence = 2 [43, 260, 42, 7, 3, 93]
[0.3643808961787105, 0.0, 0.9312499999999999] coincidence = 2 [43, 261, 42, 7, 3, 93]
[0.66706446465090619, 0.0, 0.7450000000000001] coincidence = 2 [43, 262, 42, 7, 3, 93]
[0.66706446465090619, 0.0, 0.7450000000000001] coincidence = 2 [43, 263, 42, 7, 3, 93]
[1.0, 0.0, 0.0] coincidence = 2 [43, 264, 42, 7, 3, 93]
[6.123233995736766e-17, 0.0, 1.0] coincidence = 2 [43, 264, 42, 7, 3, 94]
[6.123233995736766e-17, 0.0, 1.0] coincidence = 2 [43, 265, 42, 7, 3, 94]
[0.95060059596844126, 0.0, 0.3104166666666666] coincidence = 2 [43, 265, 42, 8, 3, 94]
[0.66706446465090619, 0.0, 0.7450000000000001] coincidence = 2 [43, 266, 42, 8, 3, 94]
[0.49451926712268307, 0.0, 0.8691666666666666] coincidence = 2 [43, 266, 42, 9, 3, 94]
[6.123233995736766e-17, 0.0, 1.0] coincidence = 2 [43, 267, 42, 9, 3, 94]
t0.830837912076
Sat Jan 27 13:16:49 2018
zenith[ 445.    0.    0.    0.    0.    0.    0.]
showers[0, 458, 13, 2]
h[ 0.82802004  0.83839523  0.83600095  0.83440477  0.81365439  0.86193893
  0.82083721  0.85076565  0.7937021   0.8364      0.79529828  0.85156374
  0.82363053  0.83320763  0.84637615  0.85834752  0.84757328  0.81365439
  0.79689447  0.8459771   0.81804389  0.83719809  0.83400573  0.82203435
  0.78612023  0.85355897  0.86353511  0.84996756  0.8128563   0.81485153
  0.83041431  0.83440477  0.82163531  0.84238569  0.79090878  0.80806775
  0.84238569  0.84757328  0.82083721  0.83879428  0.8503666   0.84837137
  0.81006298  0.80846679  0.82323149  0.82602481  0.82043817  0.84198664
  0.80168302  0.84358282  0.85635229  0.87430935  0.80886584  0.81644771
  0.79769256  0.82841908  0.8312124   0.87151603  0.84717424  0.83959237]
det hits[ 1173046.   455786.   482535.   512042.]
radius[ 267.   94.   43.   52.   11.    6.]
[0.92803219232955503, 0.0, 0.3725] coincidence = 2 [43, 267, 42, 9, 3, 95]
[1.0, 0.0, 0.0] coincidence = 2 [43, 268, 42, 9, 3, 95]
[0.82933614264663524, 0.0, 0.55875] coincidence = 2 [43, 269, 42, 9, 3, 95]
[0.92803219232955492, 0.0, 0.3725] coincidence = 2 [43, 270, 42, 9, 3, 95]
[1.0, 0.0, 0.0] coincidence = 2 [43, 271, 42, 9, 3, 95]
[6.123233995736766e-17, 0.0, 1.0] coincidence = 2 [43, 272, 42, 9, 3, 95]
[6.123233995736766e-17, 0.0, 1.0] coincidence = 2 [44, 272, 42, 9, 3, 95]
[6.123233995736766e-17, 0.0, 1.0] coincidence = 2 [44, 273, 42, 9, 3, 95]
[0.97470392940625816, 0.0, 0.22349999999999995] coincidence = 3 [44, 273, 42, 9, 3, 95]
[1.0, 0.0, 0.0] coincidence = 2 [44, 274, 42, 9, 3, 95]
[6.123233995736766e-17, 0.0, 1.0] coincidence = 2 [44, 275, 42, 9, 3, 95]
[0.92803219232955492, 0.0, 0.3725] coincidence = 2 [44, 276, 42, 9, 3, 95]
[0.98250238549328728, 0.0, 0.18625000000000003] coincidence = 2 [44, 277, 42, 9, 3, 95]
[0.92803219232955492, 0.0, 0.3725] coincidence = 2 [44, 278, 42, 9, 3, 95]
[0.92803219232955492, 0.0, 0.3725] coincidence = 2 [44, 279, 42, 9, 3, 95]
[0.86794137026772866, 0.0, 0.49666666666666665] coincidence = 2 [44, 279, 42, 10, 3, 95]
[1.0, 0.0, 0.0] coincidence = 2 [44, 280, 42, 10, 3, 95]
[6.123233995736766e-17, 0.0, 1.0] coincidence = 2 [44, 280, 43, 10, 3, 95]
[0.3643808961787105, 0.0, 0.9312499999999999] coincidence = 2 [44, 281, 43, 10, 3, 95]
[0.66706446465090607, 0.0, 0.7449999999999999] coincidence = 2 [44, 281, 43, 10, 3, 96]
t0.830614775099
Sat Jan 27 14:16:49 2018
zenith[ 461.    0.    0.    0.    0.    0.    0.]
showers[0, 477, 14, 2]
h[ 0.85595324  0.82323149  0.78332691  0.76936031  0.80926489  0.83600095
  0.82881813  0.83959237  0.8312124   0.84438092  0.79968779  0.8555542
  0.80687061  0.84238569  0.8032792   0.82363053  0.79888969  0.82722195
  0.79888969  0.81525057  0.83360668  0.81525057  0.80806775  0.83041431
  0.83041431  0.84717424  0.84956851  0.83759714  0.82961622  0.78292786
  0.8224334   0.82881813  0.87031889  0.82442863  0.8364      0.82841908
  0.85355897  0.85395802  0.83839523  0.83001527  0.8555542   0.85076565
  0.81884199  0.80447634  0.83999141  0.81445248  0.84677519  0.82203435
  0.83320763  0.82363053  0.77414886  0.83081336  0.81165916  0.81564962
  0.83280859  0.84557805  0.82442863  0.8407895   0.82163531  0.80208206]
det hits[ 1228404.   477078.   505643.   536471.]
radius[ 281.   96.   44.   54.   12.    6.]
[0.98250238549328728, 0.0, 0.18625000000000003] coincidence = 2 [44, 282, 43, 10, 3, 96]
[0.82933614264663524, 0.0, 0.55875] coincidence = 2 [44, 283, 43, 10, 3, 96]
[6.123233995736766e-17, 0.0, 1.0] coincidence = 2 [44, 283, 43, 10, 3, 97]
[6.123233995736766e-17, 0.0, 1.0] coincidence = 2 [44, 284, 43, 10, 3, 97]
[6.123233995736766e-17, 0.0, 1.0] coincidence = 2 [44, 285, 43, 10, 3, 97]
[0.96867463864579195, 0.0, 0.24833333333333335] coincidence = 2 [44, 285, 43, 10, 3, 98]
[6.123233995736766e-17, 0.0, 1.0] coincidence = 2 [44, 286, 43, 10, 3, 98]
[0.92803219232955503, 0.0, 0.3725] coincidence = 2 [44, 286, 43, 10, 3, 99]
[0.66706446465090619, 0.0, 0.7450000000000001] coincidence = 2 [44, 287, 43, 10, 3, 99]
[0.82933614264663524, 0.0, 0.55875] coincidence = 2 [44, 288, 43, 10, 3, 99]
[0.98250238549328728, 0.0, 0.18625000000000003] coincidence = 2 [44, 289, 43, 10, 3, 99]
[0.66706446465090619, 0.0, 0.7450000000000001] coincidence = 2 [44, 290, 43, 10, 3, 99]
[0.96867463864579195, 0.0, 0.24833333333333335] coincidence = 2 [44, 290, 43, 10, 3, 100]
[0.49451926712268307, 0.0, 0.8691666666666666] coincidence = 2 [44, 290, 43, 10, 3, 101]
[0.89453395687363368, 0.0, 0.44699999999999995] coincidence = 2 [44, 290, 44, 10, 3, 101]
[6.123233995736766e-17, 0.0, 1.0] coincidence = 2 [44, 290, 44, 10, 3, 102]
[0.96018207095060892, 0.0, 0.279375] coincidence = 2 [45, 290, 44, 10, 3, 102]
[6.123233995736766e-17, 0.0, 1.0] coincidence = 2 [45, 291, 44, 10, 3, 102]
[0.3643808961787105, 0.0, 0.9312499999999999] coincidence = 2 [45, 292, 44, 10, 3, 102]
[0.66706446465090619, 0.0, 0.7450000000000001] coincidence = 2 [45, 293, 44, 10, 3, 102]
[1.0, 0.0, 0.0] coincidence = 2 [45, 294, 44, 10, 3, 102]
[6.123233995736766e-17, 0.0, 1.0] coincidence = 2 [45, 294, 44, 10, 3, 103]
[0.3643808961787105, 0.0, 0.9312499999999999] coincidence = 2 [45, 295, 44, 10, 3, 103]
[0.92803219232955492, 0.0, 0.3725] coincidence = 2 [45, 296, 44, 10, 3, 103]
[6.123233995736766e-17, 0.0, 1.0] coincidence = 2 [45, 297, 44, 10, 3, 103]
[6.123233995736766e-17, 0.0, 1.0] coincidence = 2 [45, 298, 44, 10, 3, 103]
[0.66706446465090619, 0.0, 0.7450000000000001] coincidence = 2 [45, 299, 44, 10, 3, 103]
t0.830311123323
Sat Jan 27 15:16:49 2018
zenith[ 487.    0.    0.    0.    0.    0.    0.]
showers[0, 504, 14, 2]
det hits[ 1283296.   498704.   528748.   560688.]
h[ 0.83560191  0.78252882  0.81365439  0.82802004  0.81964008  0.86353511
  0.84757328  0.81445248  0.82123626  0.85116469  0.81604866  0.81644771
  0.84039046  0.80846679  0.80607252  0.78691832  0.80926489  0.81564962
  0.80567347  0.84198664  0.8224334   0.82562576  0.82043817  0.82921718
  0.79250496  0.77414886  0.81525057  0.78372595  0.84198664  0.84318378
  0.8459771   0.82203435  0.83041431  0.83480382  0.83759714  0.82083721
  0.8268229   0.80407729  0.82323149  0.83400573  0.79609637  0.80527443
  0.81764485  0.82602481  0.82163531  0.84398187  0.83041431  0.83879428
  0.85355897  0.83560191  0.83480382  0.82802004  0.83839523  0.83161145
  0.83679905  0.81644771  0.80687061  0.84637615  0.84118855  0.81764485]
radius[ 299.  103.   45.   55.   12.    6.]
[6.123233995736766e-17, 0.0, 1.0] coincidence = 2 [45, 299, 44, 10, 3, 104]
[6.123233995736766e-17, 0.0, 1.0] coincidence = 2 [45, 300, 44, 10, 3, 104]
[0.92803219232955492, 0.0, 0.3725] coincidence = 2 [45, 301, 44, 10, 3, 104]
[6.123233995736766e-17, 0.0, 1.0] coincidence = 2 [45, 302, 44, 10, 3, 104]
[0.96867463864579195, 0.0, 0.24833333333333335] coincidence = 2 [45, 302, 44, 10, 3, 105]
[0.98250238549328728, 0.0, 0.18625000000000003] coincidence = 2 [45, 303, 44, 10, 3, 105]
[1.0, 0.0, 0.0] coincidence = 2 [45, 304, 44, 10, 3, 105]
[6.123233995736766e-17, 0.0, 1.0] coincidence = 2 [46, 304, 44, 10, 3, 105]
[0.98250238549328728, 0.0, 0.18625000000000003] coincidence = 2 [46, 305, 44, 10, 3, 105]
[6.123233995736766e-17, 0.0, 1.0] coincidence = 2 [46, 305, 44, 10, 3, 106]
[0.82933614264663524, 0.0, 0.55875] coincidence = 2 [46, 306, 44, 10, 3, 106]
[6.123233995736766e-17, 0.0, 1.0] coincidence = 2 [46, 307, 44, 10, 3, 106]
[6.123233995736766e-17, 0.0, 1.0] coincidence = 2 [46, 308, 44, 10, 3, 106]
[0.96867463864579195, 0.0, 0.24833333333333335] coincidence = 2 [46, 308, 44, 10, 3, 107]
[1.0, 0.0, 0.0] coincidence = 2 [46, 309, 44, 10, 3, 107]
[6.123233995736766e-17, 0.0, 1.0] coincidence = 2 [46, 310, 44, 10, 3, 107]
[0.92803219232955492, 0.0, 0.3725] coincidence = 2 [46, 311, 44, 10, 3, 107]
[6.123233995736766e-17, 0.0, 1.0] coincidence = 2 [46, 312, 44, 10, 3, 107]
[6.123233995736766e-17, 0.0, 1.0] coincidence = 2 [46, 312, 44, 10, 3, 108]
[0.82933614264663524, 0.0, 0.55875] coincidence = 2 [46, 313, 44, 10, 3, 108]
[6.123233995736766e-17, 0.0, 1.0] coincidence = 2 [46, 313, 45, 10, 3, 108]
[0.92803219232955492, 0.0, 0.3725] coincidence = 2 [46, 314, 45, 10, 3, 108]
[6.123233995736766e-17, 0.0, 1.0] coincidence = 2 [46, 315, 45, 10, 3, 108]
t0.82989857763
Sat Jan 27 16:16:49 2018
h[ 0.79769256  0.84517901  0.84118855  0.80248111  0.81126011  0.79888969
  0.80248111  0.82003912  0.84238569  0.81644771  0.83839523  0.84877042
  0.81525057  0.82043817  0.8268229   0.78971164  0.80487538  0.82642386
  0.81604866  0.83799618  0.81365439  0.83001527  0.81485153  0.83959237
  0.85355897  0.79689447  0.82642386  0.81644771  0.82283244  0.82323149
  0.82802004  0.784125    0.8555542   0.83081336  0.8032792   0.83320763
  0.8224334   0.80487538  0.79928874  0.81525057  0.81405344  0.83839523
  0.83440477  0.80208206  0.83161145  0.84438092  0.81884199  0.8312124
  0.82522672  0.8415876   0.79569733  0.82722195  0.79489924  0.8320105
  0.79410115  0.8172458   0.80487538  0.81245725  0.83161145  0.81604866]
zenith[ 508.    0.    0.    0.    0.    0.    0.]
showers[0, 527, 14, 2]
det hits[ 1338011.   520076.   551698.   585024.]
radius[ 315.  108.   46.   56.   12.    6.]
[6.123233995736766e-17, 0.0, 1.0] coincidence = 2 [47, 315, 45, 10, 3, 108]
[0.82933614264663524, 0.0, 0.55875] coincidence = 2 [47, 316, 45, 10, 3, 108]
[6.123233995736766e-17, 0.0, 1.0] coincidence = 2 [47, 317, 45, 10, 3, 108]
[0.82933614264663524, 0.0, 0.55875] coincidence = 2 [47, 318, 45, 10, 3, 108]
[0.92803219232955503, 0.0, 0.3725] coincidence = 2 [47, 318, 45, 10, 3, 109]
[0.92803219232955503, 0.0, 0.3725] coincidence = 2 [47, 318, 45, 10, 3, 110]
[0.96018207095060892, 0.0, 0.279375] coincidence = 2 [48, 318, 45, 10, 3, 110]
[0.92803219232955492, 0.0, 0.3725] coincidence = 2 [48, 319, 45, 10, 3, 110]
[0.78394258222284519, 0.0, 0.6208333333333333] coincidence = 2 [48, 319, 45, 10, 3, 111]
[0.82933614264663524, 0.0, 0.55875] coincidence = 2 [48, 320, 45, 10, 3, 111]
[6.123233995736766e-17, 0.0, 1.0] coincidence = 2 [48, 320, 45, 10, 3, 112]
[0.82933614264663524, 0.0, 0.55875] coincidence = 2 [48, 321, 45, 10, 3, 112]
[0.78394258222284519, 0.0, 0.6208333333333333] coincidence = 2 [48, 321, 45, 10, 3, 113]
[0.99226137629602862, 0.0, 0.12416666666666665] coincidence = 2 [48, 321, 45, 10, 3, 114]
[0.92803219232955492, 0.0, 0.3725] coincidence = 2 [48, 322, 45, 10, 3, 114]
[0.89453395687363368, 0.0, 0.44699999999999995] coincidence = 2 [48, 322, 46, 10, 3, 114]
[0.98250238549328728, 0.0, 0.18625000000000003] coincidence = 2 [48, 323, 46, 10, 3, 114]
[0.57307918301051552, 0.0, 0.8195] coincidence = 2 [48, 323, 47, 10, 3, 114]
[0.98250238549328728, 0.0, 0.18625000000000003] coincidence = 2 [48, 324, 47, 10, 3, 114]
[0.66706446465090619, 0.0, 0.7450000000000001] coincidence = 2 [48, 325, 47, 10, 3, 114]
[0.96867463864579195, 0.0, 0.24833333333333335] coincidence = 2 [48, 325, 47, 10, 3, 115]
[0.66706446465090619, 0.0, 0.7450000000000001] coincidence = 2 [48, 326, 47, 10, 3, 115]
t0.829683879982
Sat Jan 27 17:16:49 2018
h[ 0.82522672  0.85754943  0.86752557  0.7937021   0.82163531  0.80726966
  0.83440477  0.84198664  0.81804389  0.80447634  0.81006298  0.83320763
  0.84039046  0.8032792   0.82442863  0.82562576  0.8407895   0.82163531
  0.77734122  0.83600095  0.7885145   0.83719809  0.79968779  0.83280859
  0.82003912  0.81485153  0.8459771   0.8320105   0.84517901  0.80088492
  0.83919332  0.8415876   0.82482767  0.83440477  0.80367824  0.85595324
  0.81245725  0.83400573  0.80966393  0.79170687  0.83759714  0.8268229
  0.82841908  0.8268229   0.78452405  0.81844294  0.83839523  0.80288015
  0.83360668  0.81644771  0.83799618  0.84438092  0.80567347  0.84837137
  0.84956851  0.82562576  0.83161145  0.81764485  0.81165916  0.8407895 ]
zenith[ 530.    0.    0.    0.    0.    0.    0.]
showers[0, 549, 14, 2]
det hits[ 1393203.   541774.   574527.   609285.]
radius[ 326.  115.   48.   58.   12.    6.]
[6.123233995736766e-17, 0.0, 1.0] coincidence = 2 [48, 326, 47, 10, 3, 116]
[6.123233995736766e-17, 0.0, 1.0] coincidence = 2 [48, 327, 47, 10, 3, 116]
[6.123233995736766e-17, 0.0, 1.0] coincidence = 2 [49, 327, 47, 10, 3, 116]
[0.66706446465090619, 0.0, 0.7450000000000001] coincidence = 2 [49, 328, 47, 10, 3, 116]
[0.3643808961787105, 0.0, 0.9312499999999999] coincidence = 2 [49, 329, 47, 10, 3, 116]
[1.0, 0.0, 0.0] coincidence = 2 [49, 330, 47, 10, 3, 116]
[0.96867463864579195, 0.0, 0.24833333333333335] coincidence = 2 [49, 330, 47, 10, 3, 117]
[1.0, 0.0, 0.0] coincidence = 2 [49, 331, 47, 10, 3, 117]
[0.95456586991155301, 0.0, 0.29799999999999993] coincidence = 2 [49, 331, 48, 10, 3, 117]
[6.123233995736766e-17, 0.0, 1.0] coincidence = 2 [49, 332, 48, 10, 3, 117]
[0.98250238549328728, 0.0, 0.18625000000000003] coincidence = 2 [49, 333, 48, 10, 3, 117]
[6.123233995736766e-17, 0.0, 1.0] coincidence = 2 [49, 334, 48, 10, 3, 117]
[6.123233995736766e-17, 0.0, 1.0] coincidence = 2 [49, 335, 48, 10, 3, 117]
[0.66706446465090619, 0.0, 0.7450000000000001] coincidence = 2 [49, 336, 48, 10, 3, 117]
[0.98250238549328728, 0.0, 0.18625000000000003] coincidence = 2 [49, 337, 48, 10, 3, 117]
[6.123233995736766e-17, 0.0, 1.0] coincidence = 2 [49, 338, 48, 10, 3, 117]
[0.73049628773108011, 0.0, 0.6829166666666668] coincidence = 2 [49, 338, 48, 11, 3, 117]
[0.92803219232955492, 0.0, 0.3725] coincidence = 2 [49, 339, 48, 11, 3, 117]
[0.92803219232955492, 0.0, 0.3725] coincidence = 2 [49, 340, 48, 11, 3, 117]
[0.92803219232955503, 0.0, 0.3725] coincidence = 2 [49, 340, 48, 11, 3, 118]
[6.123233995736766e-17, 0.0, 1.0] coincidence = 2 [50, 340, 48, 11, 3, 118]
[0.86794137026772866, 0.0, 0.49666666666666665] coincidence = 2 [50, 340, 48, 11, 3, 119]
[0.82933614264663524, 0.0, 0.55875] coincidence = 2 [50, 341, 48, 11, 3, 119]
[0.98250238549328728, 0.0, 0.18625000000000003] coincidence = 2 [50, 342, 48, 11, 3, 119]
[1.0, 0.0, 0.0] coincidence = 2 [50, 342, 49, 11, 3, 119]
[0.98250238549328728, 0.0, 0.18625000000000003] coincidence = 2 [50, 343, 49, 11, 3, 119]
[6.123233995736766e-17, 0.0, 1.0] coincidence = 2 [50, 343, 49, 11, 3, 120]
[0.66706446465090619, 0.0, 0.7450000000000001] coincidence = 2 [51, 343, 49, 11, 3, 120]
[6.123233995736766e-17, 0.0, 1.0] coincidence = 2 [51, 344, 49, 11, 3, 120]
[0.92803219232955503, 0.0, 0.3725] coincidence = 3 [51, 344, 49, 11, 3, 120]
[0.98250238549328728, 0.0, 0.18625000000000003] coincidence = 2 [51, 345, 49, 11, 3, 120]
[0.97470392940625816, 0.0, 0.22349999999999995] coincidence = 3 [51, 345, 49, 11, 3, 120]
[0.98250238549328728, 0.0, 0.18625000000000003] coincidence = 2 [51, 346, 49, 11, 3, 120]
[6.123233995736766e-17, 0.0, 1.0] coincidence = 2 [51, 347, 49, 11, 3, 120]
[6.123233995736766e-17, 0.0, 1.0] coincidence = 2 [51, 348, 49, 11, 3, 120]
t0.829443159293
Sat Jan 27 18:16:50 2018
zenith[ 562.    0.    0.    0.    0.    0.    0.]
showers[0, 582, 16, 2]
h[ 0.81804389  0.80886584  0.81086107  0.85315992  0.8407895   0.83320763
  0.82442863  0.82961622  0.82402958  0.82841908  0.8312124   0.80407729
  0.82203435  0.80886584  0.80846679  0.82163531  0.8364      0.82203435
  0.83001527  0.83480382  0.84557805  0.81445248  0.8312124   0.81086107
  0.82083721  0.82961622  0.84477996  0.8268229   0.83759714  0.80288015
  0.82163531  0.85196279  0.82442863  0.84677519  0.79689447  0.80567347
  0.81924103  0.83081336  0.78811546  0.83161145  0.82881813  0.82841908
  0.82562576  0.80647157  0.83919332  0.8172458   0.83879428  0.81485153
  0.82841908  0.80088492  0.85435706  0.82482767  0.81405344  0.83240954
  0.82562576  0.77734122  0.82722195  0.82283244  0.78971164  0.83480382]
det hits[ 1448199.   563769.   597291.   633332.]
radius[ 348.  120.   51.   62.   13.    6.]
[6.123233995736766e-17, 0.0, 1.0] coincidence = 2 [51, 349, 49, 11, 3, 120]
[0.92803219232955503, 0.0, 0.3725] coincidence = 2 [51, 349, 49, 11, 3, 121]
[6.123233995736766e-17, 0.0, 1.0] coincidence = 2 [51, 350, 49, 11, 3, 121]
[0.92803219232955492, 0.0, 0.3725] coincidence = 2 [51, 351, 49, 11, 3, 121]
[6.123233995736766e-17, 0.0, 1.0] coincidence = 2 [51, 351, 49, 11, 3, 122]
[0.99656803054591958, 0.0, 0.08277777777777778] coincidence = 2 [51, 351, 49, 11, 4, 122]
[6.123233995736766e-17, 0.0, 1.0] coincidence = 2 [51, 352, 49, 11, 4, 122]
[0.96867463864579195, 0.0, 0.24833333333333335] coincidence = 2 [51, 352, 49, 11, 4, 123]
[0.99565442517722991, 0.0, 0.093125] coincidence = 2 [52, 352, 49, 11, 4, 123]
[0.99226137629602873, 0.0, 0.12416666666666665] coincidence = 2 [52, 352, 49, 11, 5, 123]
[0.98250238549328728, 0.0, 0.18625000000000003] coincidence = 2 [52, 353, 49, 11, 5, 123]
[6.123233995736766e-17, 0.0, 1.0] coincidence = 2 [52, 354, 49, 11, 5, 123]
[0.11527744310527101, 0.0, 0.9933333333333333] coincidence = 2 [52, 354, 49, 11, 5, 124]
[6.123233995736766e-17, 0.0, 1.0] coincidence = 2 [52, 355, 49, 11, 5, 124]
[6.123233995736766e-17, 0.0, 1.0] coincidence = 2 [52, 356, 49, 11, 5, 124]
[0.82933614264663524, 0.0, 0.55875] coincidence = 2 [52, 357, 49, 11, 5, 124]
[6.123233995736766e-17, 0.0, 1.0] coincidence = 2 [52, 358, 49, 11, 5, 124]
[6.123233995736766e-17, 0.0, 1.0] coincidence = 2 [52, 359, 49, 11, 5, 124]
[0.92803219232955492, 0.0, 0.3725] coincidence = 2 [52, 360, 49, 11, 5, 124]
[6.123233995736766e-17, 0.0, 1.0] coincidence = 2 [52, 361, 49, 11, 5, 124]
[0.88498212376013552, 0.0, 0.46562499999999996] coincidence = 2 [53, 361, 49, 11, 5, 124]
[6.123233995736766e-17, 0.0, 1.0] coincidence = 2 [53, 362, 49, 11, 5, 124]
[0.6670644646509063, 0.0, 0.7449999999999999] coincidence = 3 [53, 362, 49, 11, 5, 124]
[6.123233995736766e-17, 0.0, 1.0] coincidence = 2 [53, 363, 49, 11, 5, 124]
[6.123233995736766e-17, 0.0, 1.0] coincidence = 3 [53, 363, 49, 11, 5, 124]
[0.11527744310527101, 0.0, 0.9933333333333333] coincidence = 2 [53, 363, 49, 11, 5, 125]
[0.11527744310527101, 0.0, 0.9933333333333333] coincidence = 2 [53, 363, 49, 11, 5, 126]
[0.98250238549328728, 0.0, 0.18625000000000003] coincidence = 2 [53, 364, 49, 11, 5, 126]
t0.829289600802
Sat Jan 27 19:16:50 2018
zenith[ 590.    0.    0.    0.    0.    0.    0.]
h[ 0.82961622  0.8128563   0.79928874  0.80527443  0.82283244  0.85914561
  0.82203435  0.81884199  0.84877042  0.78612023  0.82881813  0.82043817
  0.8224334   0.80886584  0.83480382  0.86034275  0.84198664  0.80607252
  0.85435706  0.83240954  0.82323149  0.83959237  0.81604866  0.80447634
  0.80846679  0.82642386  0.83679905  0.85834752  0.83999141  0.85196279
  0.80567347  0.81564962  0.81804389  0.82562576  0.81126011  0.80288015
  0.82123626  0.82003912  0.8128563   0.80088492  0.85914561  0.83879428
  0.83560191  0.82163531  0.80288015  0.81365439  0.84797233  0.82961622
  0.8224334   0.81445248  0.86632844  0.80607252  0.82642386  0.79489924
  0.77654313  0.82043817  0.83161145  0.85196279  0.83759714  0.86074179]
showers[0, 608, 18, 2]
det hits[ 1503576.   585388.   620205.   657501.]
radius[ 364.  126.   53.   63.   14.    8.]
[1.0, 0.0, 0.0] coincidence = 2 [53, 365, 49, 11, 5, 126]
[0.11527744310527101, 0.0, 0.9933333333333333] coincidence = 2 [53, 365, 49, 11, 5, 127]
[6.123233995736766e-17, 0.0, 1.0] coincidence = 2 [54, 365, 49, 11, 5, 127]
[0.6670644646509063, 0.0, 0.7449999999999999] coincidence = 2 [54, 365, 50, 11, 5, 127]
[0.81501173967156404, 0.0, 0.5794444444444444] coincidence = 4 [54, 365, 50, 11, 5, 127]
[0.92803219232955492, 0.0, 0.3725] coincidence = 2 [54, 366, 50, 11, 5, 127]
[0.82933614264663524, 0.0, 0.55875] coincidence = 2 [54, 367, 50, 11, 5, 127]
[0.66706446465090619, 0.0, 0.7450000000000001] coincidence = 2 [54, 368, 50, 11, 5, 127]
[6.123233995736766e-17, 0.0, 1.0] coincidence = 2 [54, 368, 50, 11, 5, 128]
[0.82933614264663524, 0.0, 0.55875] coincidence = 2 [54, 369, 50, 11, 5, 128]
[0.66706446465090619, 0.0, 0.7450000000000001] coincidence = 2 [54, 370, 50, 11, 5, 128]
[0.82933614264663524, 0.0, 0.55875] coincidence = 2 [54, 371, 50, 11, 5, 128]
[0.92803219232955492, 0.0, 0.3725] coincidence = 2 [54, 372, 50, 11, 5, 128]
[0.82933614264663524, 0.0, 0.55875] coincidence = 2 [54, 373, 50, 11, 5, 128]
[1.0, 0.0, 0.0] coincidence = 2 [54, 374, 50, 11, 5, 128]
[6.123233995736766e-17, 0.0, 1.0] coincidence = 2 [54, 375, 50, 11, 5, 128]
[6.123233995736766e-17, 0.0, 1.0] coincidence = 2 [54, 376, 50, 11, 5, 128]
[6.123233995736766e-17, 0.0, 1.0] coincidence = 2 [54, 377, 50, 11, 5, 128]
[0.92803219232955492, 0.0, 0.3725] coincidence = 2 [54, 378, 50, 11, 5, 128]
[0.80298443322395741, 0.0, 0.596] coincidence = 2 [54, 378, 51, 11, 5, 128]
[0.78394258222284519, 0.0, 0.6208333333333333] coincidence = 2 [54, 378, 51, 11, 5, 129]
[0.66706446465090619, 0.0, 0.7450000000000001] coincidence = 2 [54, 379, 51, 11, 5, 129]
[0.99226137629602862, 0.0, 0.12416666666666665] coincidence = 2 [54, 379, 51, 11, 5, 130]
t0.824788190049
Sat Jan 27 20:16:52 2018
zenith[ 611.    0.    0.    0.    0.    0.    0.]
showers[0, 630, 18, 3]
h[ 0.79489924  0.77654313  0.82043817  0.83161145  0.85196279  0.83759714
  0.86074179  0.8172458   0.46329218  1.00559542  0.52195191  1.03073531
  0.83919332  0.83440477  0.81684676  0.83001527  0.82003912  0.80966393
  0.83240954  0.84398187  0.71030153  0.94254618  0.81006298  0.8032792
  0.7797355   0.79011069  0.54030802  1.01756679  0.79888969  0.85355897
  0.85914561  0.75180229  0.8503666   0.82522672  0.86553034  0.84757328
  0.71708531  0.91341584  0.75260038  0.82921718  0.58978969  1.05787042
  0.85754943  0.48085019  1.11573206  0.36991546  0.40582958  0.39705057
  1.07822176  0.5183605   1.1640166   0.8268229   0.42019523  0.70232061
  0.56464981  0.09337672  1.21669065  0.59298206  0.59457824  0.82802004]
det hits[ 1548961.   603218.   639019.   677213.]
radius[ 379.  130.   54.   65.   14.    9.]
[6.123233995736766e-17, 0.0, 1.0] coincidence = 2 [54, 380, 51, 11, 5, 130]
[0.3643808961787105, 0.0, 0.9312499999999999] coincidence = 2 [54, 381, 51, 11, 5, 130]
[6.123233995736766e-17, 0.0, 1.0] coincidence = 2 [54, 382, 51, 11, 5, 130]
[0.86794137026772866, 0.0, 0.49666666666666665] coincidence = 2 [54, 382, 51, 11, 5, 131]
[0.89453395687363368, 0.0, 0.44699999999999995] coincidence = 2 [54, 382, 52, 11, 5, 131]
t0.802220954317
Sat Jan 27 21:16:58 2018
h[  9.13415840e-01   7.52600382e-01   8.29217176e-01   5.89789695e-01
   1.05787042e+00   8.57549428e-01   4.80850191e-01   1.11573206e+00
   3.69915458e-01   4.05829580e-01   3.97050573e-01   1.07822176e+00
   5.18360496e-01   1.16401660e+00   8.26822901e-01   4.20195229e-01
   7.02320611e-01   5.64649809e-01   9.33767176e-02   1.21669065e+00
   5.92982061e-01   5.94578245e-01   8.28020038e-01   1.36872710e-01
   4.98807252e-02   3.99045802e-04   3.99045802e-04   3.99045802e-04
   3.99045802e-04   3.99045802e-04   3.99045802e-04   3.99045802e-04
   3.99045802e-04   3.99045802e-04   3.99045802e-04   7.98091603e-04
   3.99045802e-04   3.99045802e-04   1.40464122e-01   4.85638741e-01
   9.19401527e-01   8.48371374e-01   3.23626145e-01   1.05826947e+00
   5.23947138e-01   4.44537023e-01   7.94101145e-01   8.23231489e-01
   8.71516031e-01   7.98091603e-04   3.99045802e-04   3.99045802e-04
   3.99045802e-04   3.99045802e-04   1.99522901e-03   8.18043893e-01
   6.89152099e-01   8.93862596e-01   6.53237977e-01   5.08783397e-01]
zenith[ 616.    0.    0.    0.    0.    0.    0.]
showers[0, 635, 18, 3]
det hits[ 1561751.   608181.   644265.   682783.]
radius[ 382.  131.   54.   66.   14.    9.]
t0.795243566993
Sat Jan 27 22:17:15 2018
